0 0.27265625 0.2234375 0.015625 0.01796875
0 0.69609375 0.16171875 0.01640625 0.0203125
0 0.2515625 0.53515625 0.01328125 0.01875
0 0.25078125 0.2703125 0.03359375 0.04296875
0 0.7015625 0.17109375 0.034375 0.06171875
0 0.071875 0.4015625 0.02265625 0.04140625
0 0.29609375 0.28828125 0.01875 0.0265625
0 0.4609375 0.490625 0.01171875 0.01875
0 0.11640625 0.48203125 0.0234375 0.02734375
0 0.77421875 0.115625 0.01640625 0.0234375
0 0.18671875 0.2375 0.0140625 0.01953125
0 0.72421875 0.62109375 0.01328125 0.0234375
0 0.60078125 0.60546875 0.01171875 0.015625
0 0.7625 0.28515625 0.08046875 0.0859375
0 0.69296875 0.20703125 0.01640625 0.01796875
0 0.73359375 0.3125 0.0171875 0.02109375
0 0.775 0.47578125 0.00859375 0.01484375
0 0.2125 0.41953125 0.02265625 0.02734375
0 0.42578125 0.47421875 0.0171875 0.02109375
0 0.69375 0.27109375 0.015625 0.01875
0 0.08984375 0.24453125 0.03515625 0.05234375
0 0.58203125 0.15859375 0.0125 0.01875
0 0.8515625 0.04140625 0.02421875 0.028125
0 0.12578125 0.21796875 0.0171875 0.01953125
0 0.05390625 0.77890625 0.0171875 0.0359375
0 0.49375 0.55625 0.01640625 0.02109375
0 0.7625 0.0265625 0.0296875 0.04375
0 0.97578125 0.09296875 0.03125 0.02890625
0 0.69140625 0.07578125 0.01015625 0.0140625
0 0.8765625 0.05 0.0140625 0.01796875
0 0.69140625 0.02109375 0.01640625 0.021875
0 0.4671875 0.08046875 0.01328125 0.01640625
0 0.16484375 0.475 0.00859375 0.01484375
0 0.7640625 0.1046875 0.0109375 0.0125
0 0.19375 0.29921875 0.01484375 0.0203125
0 0.11015625 0.17109375 0.0234375 0.03515625
0 0.1296875 0.0609375 0.02109375 0.01953125
0 0.2234375 0.1625 0.0125 0.01640625
0 0.22265625 0.78671875 0.0109375 0.01640625
0 0.44765625 0.275 0.009375 0.0125
0 0.02890625 0.2765625 0.028125 0.03671875
0 0.35 0.4734375 0.009375 0.01484375
0 0.0765625 0.615625 0.00859375 0.01328125
0 0.596875 0.809375 0.01015625 0.0171875
0 0.06875 0.3921875 0.01015625 0.01171875
0 0.94140625 0.4421875 0.01953125 0.025
0 0.43515625 0.09296875 0.01953125 0.0234375
0 0.87578125 0.08515625 0.0125 0.01875
0 0.465625 0.17109375 0.01875 0.02578125
0 0.48203125 0.61484375 0.0140625 0.015625
0 0.46875 0.11484375 0.0109375 0.01640625
0 0.19609375 0.08515625 0.01328125 0.01953125
0 0.87265625 0.2375 0.009375 0.01171875
0 0.64921875 0.6640625 0.01015625 0.01640625
0 0.53125 0.609375 0.0109375 0.015625
0 0.303125 0.36328125 0.00859375 0.0125
0 0.37265625 0.0921875 0.01796875 0.02265625
0 0.34453125 0.21484375 0.0703125 0.09375
0 0.6609375 0.7625 0.009375 0.01328125
0 0.40390625 0.525 0.00703125 0.0125
0 0.2765625 0.23046875 0.00859375 0.0140625
0 0.28671875 0.07265625 0.01875 0.02265625
0 0.284375 0.2015625 0.009375 0.0109375
0 0.0953125 0.2296875 0.01171875 0.0125
0 0.484375 0.6234375 0.01953125 0.0265625
0 0.72109375 0.63515625 0.0078125 0.0125
0 0.37734375 0.67734375 0.009375 0.0140625
0 0.084375 0.6109375 0.0328125 0.0296875
0 0.48984375 0.03359375 0.00859375 0.015625
0 0.01484375 0.2515625 0.02109375 0.03046875
0 0.6484375 0.80625 0.00859375 0.0125
0 0.3921875 0.68984375 0.01328125 0.02109375
0 0.9875 0.21328125 0.0109375 0.01640625
0 0.12734375 0.07421875 0.03359375 0.075
0 0.01875 0.18671875 0.03125 0.040625
0 0.97890625 0.6125 0.01015625 0.01328125
0 0.95625 0.59765625 0.009375 0.0140625
0 0.92734375 0.72109375 0.01171875 0.01484375
0 0.09921875 0.21875 0.009375 0.0125
0 0.00703125 0.29453125 0.0140625 0.03046875
0 0.73515625 0.790625 0.009375 0.015625
0 0.4921875 0.58125 0.04140625 0.09296875
0 0.72578125 0.1296875 0.02421875 0.03046875
0 0.87890625 0.409375 0.0109375 0.0140625
0 0.115625 0.375 0.0125 0.01953125
0 0.671875 0.55390625 0.01875 0.02578125
0 0.3640625 0.1828125 0.01015625 0.01328125
0 0.0390625 0.10390625 0.01015625 0.0171875
0 0.39140625 0.07265625 0.02890625 0.03984375
0 0.52421875 0.21640625 0.0125 0.01484375
0 0.778125 0.10390625 0.015625 0.01015625
0 0.353125 0.19140625 0.028125 0.02734375
0 0.00859375 0.696875 0.01484375 0.01328125
0 0.15390625 0.27421875 0.0203125 0.025
0 0.99609375 0.6765625 0.0078125 0.01953125
0 0.2328125 0.0078125 0.01953125 0.015625
0 0.05234375 0.07890625 0.03046875 0.0375
0 0.77734375 0.7765625 0.00703125 0.01328125
0 0.259375 0.0109375 0.03359375 0.0203125
0 0.98671875 0.2296875 0.00859375 0.0125
0 0.55 0.73984375 0.01015625 0.01328125
0 0.4234375 0.83359375 0.0234375 0.02578125
0 0.14453125 0.92890625 0.025 0.02890625
0 0.17890625 0.05078125 0.009375 0.01484375
0 0.83125 0.70234375 0.00703125 0.0109375
0 0.115625 0.10859375 0.0109375 0.01171875
0 0.88125 0.87421875 0.0125 0.01796875
0 0.39765625 0.6828125 0.0078125 0.01171875
0 0.19609375 0.034375 0.00859375 0.0140625
0 0.52734375 0.9578125 0.0078125 0.0125
0 0.665625 0.575 0.0109375 0.01328125
0 0.87265625 0.95 0.01328125 0.0140625
0 0.1078125 0.6453125 0.0078125 0.01015625
0 0.20546875 0.74765625 0.0125 0.01953125
0 0.290625 0.49921875 0.02890625 0.028125
0 0.8859375 0.1140625 0.01953125 0.025
0 0.2015625 0.72421875 0.01015625 0.01328125
0 0.6078125 0.92265625 0.0203125 0.02578125