0 0.49453125 0.31953125 0.04453125 0.06953125
0 0.2734375 0.6828125 0.03671875 0.0375
0 0.5953125 0.50078125 0.0265625 0.03203125
0 0.14296875 0.790625 0.0296875 0.0296875
0 0.1703125 0.5 0.07109375 0.0765625
0 0.60078125 0.41796875 0.040625 0.0421875
0 0.52265625 0.1296875 0.025 0.02578125
0 0.3703125 0.69375 0.02421875 0.028125
0 0.4046875 0.34375 0.0359375 0.04609375
0 0.23515625 0.31875 0.02578125 0.03046875
0 0.28359375 0.4890625 0.028125 0.0390625
0 0.52421875 0.77109375 0.025 0.028125
0 0.9671875 0.52421875 0.04765625 0.05390625
0 0.88203125 0.42265625 0.05546875 0.06875
0 0.478125 0.9015625 0.02578125 0.0390625
0 0.29921875 0.8421875 0.02265625 0.025
0 0.60390625 0.615625 0.01328125 0.01796875
0 0.6125 0.28046875 0.0515625 0.08515625
0 0.196875 0.7921875 0.05 0.0484375
0 0.753125 0.6296875 0.0390625 0.04609375
0 0.38359375 0.8984375 0.02890625 0.03515625
0 0.6375 0.190625 0.04765625 0.06484375
0 0.7234375 0.83125 0.03984375 0.03984375
0 0.51796875 0.1953125 0.0359375 0.04765625
0 0.46875 0.25859375 0.025 0.025
0 0.28515625 0.05078125 0.01796875 0.025
0 0.65625 0.51796875 0.0328125 0.03984375
0 0.10546875 0.33046875 0.0609375 0.090625
0 0.8859375 0.7953125 0.0390625 0.05546875
0 0.596875 0.771875 0.03984375 0.03984375
0 0.10703125 0.10234375 0.0234375 0.0265625
0 0.0640625 0.578125 0.02578125 0.04765625
0 0.240625 0.3734375 0.025 0.03203125
0 0.97734375 0.465625 0.03359375 0.04140625
0 0.01953125 0.78671875 0.0328125 0.05703125
0 0.265625 0.6734375 0.01328125 0.01640625
0 0.28828125 0.58125 0.0171875 0.01796875
0 0.9859375 0.578125 0.028125 0.0390625
0 0.9453125 0.7703125 0.065625 0.1
0 0.2296875 0.8 0.0234375 0.02890625
0 0.56875 0.3453125 0.03359375 0.03984375
0 0.9578125 0.23671875 0.03359375 0.040625
0 0.04140625 0.196875 0.040625 0.04296875
0 0.09921875 0.68671875 0.0171875 0.0203125
0 0.64921875 0.12421875 0.03984375 0.05859375
0 0.88515625 0.29609375 0.04921875 0.06015625
0 0.0640625 0.51640625 0.028125 0.0390625
0 0.0671875 0.8359375 0.01953125 0.0234375
0 0.4078125 0.58984375 0.11953125 0.16953125
0 0.95 0.3578125 0.02578125 0.028125
0 0.321875 0.91484375 0.01640625 0.02265625
0 0.8734375 0.421875 0.01328125 0.015625
0 0.2796875 0.48125 0.015625 0.01953125
0 0.43359375 0.92578125 0.04453125 0.04375
0 0.37890625 0.309375 0.01328125 0.0125
0 0.1671875 0.21640625 0.009375 0.0125
0 0.1859375 0.8 0.01796875 0.021875
0 0.2203125 0.18515625 0.128125 0.1484375
0 0.59921875 0.371875 0.0296875 0.0328125
0 0.11875 0.04375 0.0765625 0.08671875
0 0.909375 0.1171875 0.03125 0.0390625
0 0.021875 0.01796875 0.02421875 0.03515625
0 0.00859375 0.390625 0.0171875 0.0375
0 0.934375 0.35390625 0.03125 0.02734375
0 0.57890625 0.175 0.01328125 0.0171875
0 0.3734375 0.1515625 0.01171875 0.015625
0 0.3328125 0.62578125 0.01015625 0.01640625
0 0.61796875 0.63359375 0.00859375 0.0125
0 0.80625 0.18984375 0.01953125 0.02265625
0 0.61328125 0.02265625 0.04609375 0.04296875
0 0.92578125 0.90546875 0.02109375 0.02421875
0 0.3984375 0.87890625 0.01328125 0.01484375
0 0.5640625 0.79140625 0.12734375 0.146875
0 0.89296875 0.78046875 0.01640625 0.02734375
0 0.76171875 0.153125 0.0359375 0.05703125
0 0.9421875 0.41171875 0.0390625 0.03828125
0 0.87734375 0.2015625 0.0453125 0.0515625
0 0.6859375 0.06875 0.03984375 0.05078125
0 0.82265625 0.08828125 0.0515625 0.06328125
0 0.4203125 0.92578125 0.01484375 0.01328125
0 0.76484375 0.0140625 0.034375 0.02734375
0 0.63046875 0.24375 0.1171875 0.203125
0 0.746875 0.1 0.0609375 0.05703125
0 0.8875 0.78828125 0.009375 0.0140625
0 0.01171875 0.76796875 0.01328125 0.0203125
0 0.43046875 0.925 0.01171875 0.0109375
0 0.875 0.80546875 0.0109375 0.01328125
0 0.11484375 0.9875 0.0109375 0.0140625
0 0.896875 0.94453125 0.04453125 0.05078125
0 0.8453125 0.06875 0.025 0.02890625
0 0.721875 0.15078125 0.03828125 0.04296875
0 0.90546875 0.91875 0.01953125 0.02578125
0 0.98203125 0.60546875 0.0125 0.01484375
0 0.709375 0.13046875 0.02734375 0.03046875
0 0.85703125 0.1515625 0.0390625 0.04140625
0 0.915625 0.9203125 0.08359375 0.11796875
0 0.01796875 0.10546875 0.0359375 0.03828125
0 0.334375 0.93046875 0.009375 0.0125
0 0.696875 0.1546875 0.01328125 0.0171875
0 0.93125 0.41328125 0.0125 0.0140625
0 0.86015625 0.128125 0.015625 0.028125
0 0.82265625 0.046875 0.01328125 0.01953125