0 0.4109375 0.45546875 0.046875 0.05234375
0 0.03984375 0.41953125 0.03828125 0.05078125
0 0.0265625 0.0828125 0.034375 0.04140625
0 0.5234375 0.1375 0.03359375 0.03828125
0 0.47734375 0.1765625 0.04765625 0.04921875
0 0.7078125 0.20625 0.0765625 0.09609375
0 0.86875 0.2875 0.04140625 0.04609375
0 0.90625 0.11953125 0.03046875 0.04453125
0 0.95390625 0.3109375 0.0328125 0.0390625
0 0.778125 0.6796875 0.03671875 0.04296875
0 0.61328125 0.97265625 0.03125 0.04921875
0 0.67265625 0.9734375 0.02890625 0.03515625
0 0.51015625 0.875 0.0265625 0.03671875
0 0.66015625 0.65078125 0.02734375 0.02578125
0 0.72890625 0.65703125 0.02265625 0.02890625
0 0.53671875 0.5828125 0.03203125 0.02734375
0 0.63984375 0.2515625 0.02421875 0.040625
0 0.51796875 0.28984375 0.0359375 0.040625
0 0.06171875 0.196875 0.03125 0.03203125
0 0.9515625 0.04453125 0.03125 0.0359375