0 0.6890625 0.153125 0.021875 0.03515625
0 0.5296875 0.1484375 0.0140625 0.015625
0 0.4328125 0.784375 0.0296875 0.02421875
0 0.8484375 0.71796875 0.03046875 0.0390625
0 0.96953125 0.7296875 0.028125 0.034375
0 0.225 0.26328125 0.0265625 0.03203125
0 0.79296875 0.815625 0.025 0.025
0 0.64296875 0.084375 0.02109375 0.0265625
0 0.6234375 0.80859375 0.0515625 0.059375
0 0.22421875 0.25703125 0.0140625 0.015625
0 0.453125 0.78671875 0.04921875 0.03359375
0 0.87890625 0.07265625 0.0109375 0.0140625
0 0.846875 0.71640625 0.015625 0.01875
0 0.58125 0.69140625 0.01640625 0.0140625
0 0.7203125 0.08671875 0.01484375 0.0171875
0 0.61015625 0.815625 0.01484375 0.0171875
0 0.9625 0.209375 0.01875 0.021875
0 0.8171875 0.1796875 0.01015625 0.0140625
0 0.41875 0.23125 0.01171875 0.01484375
0 0.7359375 0.0640625 0.01171875 0.01484375
0 0.925 0.11875 0.0109375 0.01484375
0 0.04140625 0.77890625 0.0125 0.01640625
0 0.73203125 0.80234375 0.01171875 0.0140625
0 0.04765625 0.771875 0.02421875 0.02578125
0 0.7078125 0.21171875 0.0140625 0.025
0 0.0203125 0.7015625 0.01328125 0.015625
0 0.5671875 0.75234375 0.01796875 0.0265625
0 0.96328125 0.68046875 0.03046875 0.02265625
0 0.30390625 0.7921875 0.01015625 0.0125
0 0.29921875 0.82734375 0.08046875 0.1125
0 0.03203125 0.70390625 0.04375 0.06875
0 0.10390625 0.83203125 0.0109375 0.01640625
0 0.65390625 0.7875 0.015625 0.01640625
0 0.8296875 0.75859375 0.01171875 0.01171875
0 0.78828125 0.2671875 0.01015625 0.0125
0 0.42265625 0.77890625 0.01015625 0.01015625
0 0.065625 0.71796875 0.01171875 0.0140625
0 0.3140625 0.79296875 0.0109375 0.01015625
0 0.6234375 0.79453125 0.0109375 0.015625
0 0.59921875 0.12578125 0.00625 0.01875
0 0.05546875 0.76875 0.009375 0.0125
0 0.26953125 0.86171875 0.01015625 0.015625
0 0.0203125 0.28828125 0.01640625 0.03359375
0 0.95390625 0.7359375 0.01015625 0.0125
0 0.7921875 0.8390625 0.01015625 0.0203125
0 0.5375 0.14140625 0.0515625 0.05234375
0 0.88046875 0.0625 0.01328125 0.0171875
0 0.05234375 0.21796875 0.00703125 0.0109375
0 0.4875 0.37421875 0.0140625 0.01953125
0 0.1234375 0.7265625 0.01015625 0.0109375
0 0.17890625 0.396875 0.0125 0.015625
0 0.0453125 0.9171875 0.01015625 0.0140625
0 0.275 0.41328125 0.0140625 0.0171875
0 0.44140625 0.8328125 0.01171875 0.01171875
0 0.5140625 0.00859375 0.01328125 0.015625
0 0.75859375 0.94453125 0.0109375 0.01484375
0 0.2078125 0.878125 0.00859375 0.01640625
0 0.10546875 0.84296875 0.01953125 0.04140625
0 0.234375 0.571875 0.00859375 0.01328125
0 0.7765625 0.82734375 0.02109375 0.0140625
0 0.446875 0.72578125 0.034375 0.0296875
0 0.096875 0.64765625 0.0109375 0.0109375
0 0.6578125 0.19453125 0.0140625 0.0171875
0 0.14453125 0.63984375 0.00859375 0.0109375
0 0.1828125 0.190625 0.0109375 0.01328125
0 0.4625 0.4125 0.01328125 0.01640625
0 0.51328125 0.896875 0.00859375 0.01171875
0 0.084375 0.8703125 0.009375 0.0140625
0 0.37421875 0.48046875 0.0125 0.0203125
0 0.33828125 0.49140625 0.01015625 0.0140625
0 0.5375 0.13203125 0.02109375 0.021875
0 0.0484375 0.15859375 0.01015625 0.01796875
0 0.73359375 0.4546875 0.01484375 0.02578125
0 0.2578125 0.96875 0.0203125 0.01796875
0 0.40234375 0.3125 0.01171875 0.01328125
0 0.84765625 0.546875 0.0109375 0.0171875
0 0.71875 0.85390625 0.01875 0.0140625
0 0.01640625 0.88515625 0.01171875 0.01953125
0 0.43671875 0.34765625 0.01171875 0.0125
0 0.284375 0.88203125 0.01484375 0.0125
0 0.6359375 0.6375 0.0125 0.02578125
0 0.2953125 0.08359375 0.12890625 0.1578125
0 0.70625 0.1171875 0.0125 0.0171875
0 0.13828125 0.04453125 0.01328125 0.01875
0 0.89921875 0.7390625 0.18203125 0.22890625
0 0.9015625 0.37890625 0.0359375 0.05
0 0.44453125 0.45625 0.1546875 0.240625
0 0.72890625 0.06796875 0.08828125 0.12734375
0 0.23203125 0.653125 0.01015625 0.01484375
0 0.1 0.08125 0.02578125 0.02421875
0 0.90078125 0.0828125 0.01171875 0.015625
0 0.32421875 0.640625 0.0125 0.02578125
0 0.0046875 0.934375 0.009375 0.01328125
0 0.2765625 0.146875 0.00703125 0.01640625
0 0.1078125 0.06796875 0.08515625 0.1046875
0 0.63359375 0.08515625 0.009375 0.0171875
0 0.5734375 0.33984375 0.0390625 0.03671875
0 0.1203125 0.59375 0.00859375 0.01171875
0 0.03984375 0.52265625 0.0078125 0.01796875
0 0.665625 0.2578125 0.0203125 0.0171875
0 0.00234375 0.5640625 0.0046875 0.015625
0 0.71171875 0.10859375 0.034375 0.153125
0 0.25390625 0.0078125 0.0140625 0.01328125
0 0.8234375 0.66015625 0.009375 0.0203125
0 0.58203125 0.29921875 0.12578125 0.171875
0 0.27734375 0.975 0.00859375 0.01953125