0 0.68359375 0.1203125 0.0453125 0.06171875
0 0.56640625 0.10234375 0.025 0.021875
0 0.6125 0.2828125 0.02578125 0.0296875
0 0.7828125 0.603125 0.03515625 0.03671875
0 0.384375 0.15390625 0.015625 0.0171875
0 0.6265625 0.384375 0.05078125 0.06875
0 0.67265625 0.1671875 0.03125 0.0296875
0 0.7453125 0.07265625 0.02421875 0.025
0 0.721875 0.3625 0.021875 0.0234375
0 0.803125 0.48125 0.0375 0.040625
0 0.303125 0.23359375 0.028125 0.03203125
0 0.52265625 0.4453125 0.021875 0.0296875
0 0.24921875 0.19765625 0.05703125 0.0609375
0 0.61484375 0.24609375 0.02109375 0.02109375
0 0.24375 0.2640625 0.01875 0.01953125
0 0.29375 0.28203125 0.0515625 0.0734375
0 0.22578125 0.31015625 0.02421875 0.025
0 0.48984375 0.17890625 0.0140625 0.01796875
0 0.1890625 0.25625 0.0359375 0.0515625
0 0.87265625 0.36328125 0.021875 0.0296875
0 0.77265625 0.3859375 0.0234375 0.0265625
0 0.14453125 0.58984375 0.02265625 0.03359375
0 0.86875 0.44609375 0.03828125 0.05078125
0 0.3671875 0.32890625 0.01796875 0.025
0 0.20546875 0.46796875 0.03671875 0.0484375
0 0.496875 0.24609375 0.015625 0.015625
0 0.896875 0.5984375 0.0390625 0.0484375
0 0.478125 0.72109375 0.0265625 0.02421875
0 0.2625 0.13828125 0.0453125 0.0546875
0 0.24609375 0.61171875 0.01875 0.0234375
0 0.5734375 0.8546875 0.05 0.05234375
0 0.4 0.1296875 0.05546875 0.07265625
0 0.6765625 0.1484375 0.01875 0.02265625
0 0.24609375 0.7703125 0.021875 0.01796875
0 0.40390625 0.1234375 0.0171875 0.01796875
0 0.803125 0.47578125 0.01953125 0.02265625
0 0.396875 0.121875 0.01015625 0.0140625
0 0.79375 0.39375 0.0140625 0.01875
0 0.45703125 0.55625 0.01640625 0.01796875
0 0.64921875 0.31171875 0.0203125 0.0234375
0 0.3484375 0.0453125 0.01796875 0.0171875
0 0.64140625 0.43671875 0.0171875 0.02109375
0 0.259375 0.2546875 0.0109375 0.0171875
0 0.178125 0.24296875 0.01796875 0.01875
0 0.76171875 0.14140625 0.0140625 0.0203125
0 0.5765625 0.2828125 0.01953125 0.01953125
0 0.39453125 0.4171875 0.02578125 0.03046875
0 0.046875 0.13671875 0.028125 0.028125
0 0.3015625 0.10859375 0.0140625 0.015625
0 0.55625 0.9703125 0.0328125 0.03515625
0 0.13671875 0.03671875 0.0171875 0.02265625
0 0.221875 0.21484375 0.0171875 0.0203125
0 0.15078125 0.20625 0.0109375 0.0125
0 0.3109375 0.1359375 0.01171875 0.01640625
0 0.73828125 0.0640625 0.01953125 0.02109375
0 0.6390625 0.9453125 0.02734375 0.028125
0 0.14140625 0.58125 0.0109375 0.01484375
0 0.4390625 0.31171875 0.0203125 0.021875
0 0.2609375 0.62734375 0.01796875 0.0234375
0 0.60703125 0.25078125 0.01640625 0.01640625
0 0.53046875 0.53125 0.0140625 0.02109375
0 0.903125 0.88515625 0.021875 0.02265625
0 0.14375 0.04140625 0.04375 0.06015625
0 0.64375 0.03515625 0.0140625 0.015625
0 0.7375 0.36171875 0.0125 0.01875
0 0.3828125 0.74453125 0.0125 0.015625
0 0.4359375 0.70546875 0.0109375 0.01484375
0 0.85859375 0.10625 0.009375 0.01796875
0 0.1359375 0.2203125 0.01328125 0.0125
0 0.80546875 0.4640625 0.0203125 0.02421875
0 0.91171875 0.89375 0.0140625 0.01640625
0 0.27265625 0.184375 0.01796875 0.01640625
0 0.5671875 0.18671875 0.01328125 0.0125
0 0.4421875 0.334375 0.0140625 0.021875
0 0.80625 0.03671875 0.015625 0.015625
0 0.87265625 0.325 0.01171875 0.02734375
0 0.24921875 0.25859375 0.01328125 0.015625
0 0.5765625 0.09765625 0.01171875 0.01484375
0 0.334375 0.0734375 0.01328125 0.0125
0 0.2921875 0.26328125 0.015625 0.0171875
0 0.6328125 0.0328125 0.0125 0.01328125
0 0.32890625 0.64375 0.0140625 0.0125
0 0.4234375 0.63046875 0.01796875 0.015625
0 0.32734375 0.93359375 0.0171875 0.02109375
0 0.21484375 0.7171875 0.01171875 0.01171875
0 0.959375 0.8484375 0.01484375 0.015625
0 0.55625 0.8109375 0.015625 0.01328125
0 0.86484375 0.4328125 0.01171875 0.0171875
0 0.78828125 0.58984375 0.02109375 0.021875
0 0.63515625 0.92734375 0.0140625 0.0140625
0 0.6359375 0.953125 0.04296875 0.071875
0 0.48671875 0.81953125 0.01328125 0.01484375
0 0.71015625 0.01640625 0.0125 0.01875
0 0.88359375 0.43515625 0.0140625 0.01796875
0 0.6265625 0.365625 0.01875 0.01796875
0 0.35 0.40234375 0.01484375 0.01640625
0 0.128125 0.34453125 0.0296875 0.0453125
0 0.39296875 0.1546875 0.01015625 0.0125
0 0.38984375 0.63671875 0.0140625 0.0140625
0 0.46796875 0.55 0.0109375 0.015625
0 0.565625 0.85546875 0.0171875 0.01484375
0 0.2015625 0.240625 0.0125 0.01640625
0 0.5265625 0.59609375 0.1359375 0.21171875
0 0.2359375 0.615625 0.0125 0.0109375
0 0.94609375 0.88515625 0.0140625 0.0109375
0 0.64609375 0.92265625 0.0109375 0.0140625
0 0.4015625 0.625 0.0171875 0.01875
0 0.64375 0.9359375 0.01328125 0.0140625
0 0.8328125 0.9625 0.01015625 0.01328125
0 0.3578125 0.30234375 0.02109375 0.0328125
0 0.2984375 0.21640625 0.02109375 0.025
0 0.61484375 0.9890625 0.01171875 0.01484375
0 0.37421875 0.53984375 0.0125 0.01796875
0 0.2578125 0.0234375 0.03046875 0.0421875
0 0.66328125 0.69453125 0.1484375 0.2546875
0 0.565625 0.46171875 0.01484375 0.009375
0 0.61953125 0.5578125 0.0296875 0.02578125
0 0.984375 0.96328125 0.01484375 0.01484375
0 0.06875 0.2703125 0.0109375 0.01328125
0 0.53046875 0.32890625 0.01640625 0.015625
0 0.671875 0.68125 0.00859375 0.01796875
0 0.21875 0.49921875 0.03359375 0.02421875
0 0.99609375 0.86328125 0.0078125 0.0140625
0 0.6640625 0.33046875 0.02109375 0.0265625
0 0.98203125 0.66484375 0.03203125 0.0203125
0 0.228125 0.984375 0.02734375 0.01796875
0 0.43203125 0.6265625 0.021875 0.03203125