0 0.76640625 0.39140625 0.03125 0.03671875
0 0.16796875 0.03046875 0.02890625 0.03671875
0 0.3515625 0.15703125 0.03515625 0.03828125
0 0.578125 0.28671875 0.0390625 0.03828125
0 0.87421875 0.7328125 0.0265625 0.025
0 0.33125 0.14296875 0.02578125 0.02421875
0 0.315625 0.53984375 0.0296875 0.03203125
0 0.21953125 0.146875 0.0125 0.01484375
0 0.04375 0.72890625 0.0109375 0.01484375
0 0.34609375 0.21171875 0.01875 0.01640625
0 0.83046875 0.18359375 0.02578125 0.03984375
0 0.77734375 0.1328125 0.0140625 0.0140625
0 0.10390625 0.33984375 0.04921875 0.06640625
0 0.5171875 0.12109375 0.02265625 0.02265625
0 0.871875 0.66953125 0.034375 0.0328125
0 0.7703125 0.6328125 0.03828125 0.05
0 0.79453125 0.10390625 0.01875 0.02421875
0 0.5 0.64375 0.02734375 0.02890625
0 0.6 0.3359375 0.01640625 0.02265625
0 0.615625 0.3390625 0.04765625 0.0515625
0 0.3921875 0.253125 0.0125 0.01640625
0 0.0703125 0.09140625 0.01953125 0.01953125
0 0.64375 0.15390625 0.046875 0.0515625
0 0.41640625 0.67109375 0.01171875 0.01328125
0 0.6734375 0.2390625 0.040625 0.05
0 0.8890625 0.815625 0.03671875 0.0453125
0 0.58203125 0.28046875 0.0125 0.0140625
0 0.8234375 0.2859375 0.02265625 0.02265625
0 0.78203125 0.12421875 0.0484375 0.084375
0 0.49453125 0.3234375 0.02578125 0.03046875
0 0.4578125 0.6734375 0.09375 0.13828125
0 0.2625 0.25625 0.01171875 0.0125
0 0.6671875 0.21953125 0.0171875 0.01953125
0 0.090625 0.01953125 0.015625 0.01953125
0 0.8296875 0.6234375 0.0171875 0.01875
0 0.24921875 0.5046875 0.01328125 0.0171875
0 0.6203125 0.065625 0.0296875 0.0296875
0 0.31171875 0.23203125 0.0140625 0.0125
0 0.73359375 0.39921875 0.01484375 0.021875
0 0.27109375 0.10546875 0.01640625 0.0375
0 0.22421875 0.1703125 0.04296875 0.059375
0 0.61875 0.0890625 0.059375 0.09921875
0 0.00703125 0.14921875 0.0109375 0.01640625
0 0.74140625 0.3640625 0.01484375 0.021875
0 0.56328125 0.30859375 0.01484375 0.01640625
0 0.13515625 0.16328125 0.01875 0.0234375
0 0.60625 0.98359375 0.02109375 0.021875
0 0.56015625 0.5109375 0.01171875 0.01484375
0 0.85234375 0.87421875 0.0296875 0.03046875
0 0.8328125 0.584375 0.05703125 0.07578125
0 0.01484375 0.3265625 0.0140625 0.01796875
0 0.45625 0.35078125 0.0234375 0.03125
0 0.321875 0.6578125 0.0078125 0.0109375
0 0.959375 0.265625 0.01328125 0.0171875
0 0.9109375 0.103125 0.0359375 0.04375
0 0.3140625 0.5140625 0.009375 0.0140625
0 0.8921875 0.90234375 0.028125 0.0328125
0 0.7296875 0.3484375 0.01328125 0.01640625
0 0.5671875 0.984375 0.01171875 0.015625
0 0.43515625 0.97265625 0.01171875 0.01640625
0 0.2515625 0.28203125 0.01328125 0.015625
0 0.8765625 0.74140625 0.0453125 0.05390625
0 0.56484375 0.9703125 0.009375 0.01484375
0 0.9046875 0.95625 0.01640625 0.01875
0 0.28671875 0.0609375 0.0171875 0.01796875
0 0.75703125 0.3828125 0.01015625 0.01484375
0 0.425 0.68203125 0.03203125 0.04140625
0 0.23203125 0.7890625 0.04375 0.0515625
0 0.17734375 0.05546875 0.07109375 0.0984375
0 0.7015625 0.1828125 0.01328125 0.01484375
0 0.28984375 0.6359375 0.01875 0.025
0 0.728125 0.19765625 0.01484375 0.01796875
0 0.56640625 0.22890625 0.01328125 0.01875
0 0.628125 0.0484375 0.0375 0.06015625
0 0.403125 0.82734375 0.01015625 0.015625
0 0.6265625 0.3140625 0.015625 0.01640625
0 0.178125 0.59296875 0.01015625 0.01171875
0 0.0734375 0.36484375 0.0296875 0.0421875
0 0.91796875 0.0984375 0.01640625 0.01328125
0 0.3703125 0.93359375 0.01015625 0.01328125
0 0.12734375 0.17578125 0.04609375 0.05859375
0 0.94375 0.91328125 0.0109375 0.01953125
0 0.89140625 0.08984375 0.00859375 0.0125
0 0.3203125 0.96328125 0.02265625 0.02421875
0 0.7765625 0.81171875 0.01015625 0.0109375
0 0.24140625 0.25625 0.01015625 0.0109375
0 0.10390625 0.3296875 0.00859375 0.0125
0 0.9046875 0.96953125 0.04453125 0.05625
0 0.190625 0.971875 0.009375 0.01171875
0 0.6859375 0.54453125 0.01015625 0.0140625
0 0.89921875 0.803125 0.01015625 0.0109375
0 0.6328125 0.70390625 0.01640625 0.01484375
0 0.225 0.81171875 0.0390625 0.03671875
0 0.44140625 0.94375 0.11875 0.1125
0 0.01015625 0.34375 0.01171875 0.0125
0 0.7015625 0.93046875 0.11875 0.1328125
0 0.025 0.33515625 0.04375 0.0515625
0 0.21953125 0.9609375 0.00703125 0.01015625
0 0.8265625 0.55 0.04453125 0.0296875
0 0.66484375 0.72421875 0.01328125 0.01328125
0 0.44921875 0.70234375 0.0203125 0.021875
0 0.6234375 0.04296875 0.0109375 0.01953125
0 0.60234375 0.75859375 0.15703125 0.24140625
0 0.2015625 0.3265625 0.01796875 0.01875
0 0.6 0.08359375 0.009375 0.01328125
0 0.3296875 0.46875 0.01015625 0.0109375
0 0.22890625 0.38828125 0.0375 0.034375
0 0.8734375 0.65234375 0.0296875 0.02578125
0 0.9875 0.84296875 0.025 0.0328125
0 0.92421875 0.06796875 0.0375 0.05
0 0.94765625 0.9640625 0.0109375 0.0125
0 0.978125 0.98828125 0.021875 0.01953125
0 0.8296875 0.27265625 0.04453125 0.05234375