0 0.2109375 0.1421875 0.02109375 0.02265625
0 0.11875 0.090625 0.0234375 0.03828125
0 0.27265625 0.09453125 0.01484375 0.01640625
0 0.48359375 0.38515625 0.0125 0.0140625
0 0.32578125 0.46875 0.01015625 0.01171875
0 0.6203125 0.27265625 0.0953125 0.12890625
0 0.115625 0.0859375 0.01171875 0.01328125
0 0.3 0.71875 0.01328125 0.0125
0 0.37734375 0.32421875 0.009375 0.01328125
0 0.125 0.06953125 0.04921875 0.10078125
0 0.39296875 0.271875 0.0125 0.0140625
0 0.390625 0.290625 0.0296875 0.05625
0 0.503125 0.08984375 0.09140625 0.109375
0 0.3828125 0.290625 0.00859375 0.01171875
0 0.41640625 0.17578125 0.0828125 0.096875
0 0.3984375 0.13359375 0.04609375 0.04296875
0 0.46171875 0.8953125 0.01171875 0.015625
0 0.2203125 0.32734375 0.14140625 0.14296875
0 0.66328125 0.72890625 0.01875 0.021875