0 0.4234375 0.503125 0.015625 0.01640625
0 0.634375 0.30234375 0.02890625 0.03203125
0 0.62578125 0.55234375 0.0203125 0.0203125
0 0.68984375 0.228125 0.01875 0.0171875
0 0.6375 0.3734375 0.01328125 0.015625
0 0.21640625 0.5421875 0.0140625 0.01328125
0 0.27265625 0.5546875 0.01328125 0.01796875
0 0.22265625 0.13828125 0.01875 0.02421875
0 0.7125 0.10234375 0.01875 0.02109375
0 0.4875 0.66484375 0.015625 0.01171875
0 0.53984375 0.34453125 0.0140625 0.0140625
0 0.25390625 0.01875 0.015625 0.01640625
0 0.91171875 0.60546875 0.01640625 0.01796875
0 0.5359375 0.5609375 0.01640625 0.01875
0 0.92421875 0.55234375 0.0125 0.01484375
0 0.34453125 0.4875 0.01484375 0.01015625
0 0.21015625 0.1890625 0.01875 0.01875
0 0.8578125 0.5296875 0.02578125 0.025
0 0.8578125 0.74140625 0.01796875 0.01640625
0 0.575 0.71796875 0.0140625 0.01640625
0 0.1296875 0.3734375 0.02265625 0.025
0 0.35546875 0.71015625 0.03515625 0.0328125
0 0.61640625 0.11484375 0.009375 0.01328125
0 0.50625 0.0953125 0.015625 0.01640625
0 0.54609375 0.04375 0.0125 0.0171875
0 0.48671875 0.1546875 0.00859375 0.0125
0 0.1140625 0.40703125 0.01171875 0.0125
0 0.5140625 0.6703125 0.0109375 0.0125
0 0.6609375 0.50703125 0.01328125 0.01796875
0 0.73828125 0.728125 0.01328125 0.0171875
0 0.3046875 0.0109375 0.015625 0.0203125
0 0.98671875 0.259375 0.0265625 0.028125
0 0.415625 0.13125 0.01484375 0.015625
0 0.33671875 0.65546875 0.0109375 0.01484375
0 0.67578125 0.565625 0.01484375 0.01640625
0 0.56796875 0.33671875 0.009375 0.0109375
0 0.9328125 0.6328125 0.0125 0.0125
0 0.4359375 0.40234375 0.0125 0.01171875
0 0.48984375 0.51015625 0.01328125 0.015625
0 0.446875 0.4234375 0.0078125 0.01328125
0 0.49140625 0.31484375 0.009375 0.0140625
0 0.17265625 0.71953125 0.01171875 0.0140625
0 0.8015625 0.15 0.01171875 0.015625
0 0.62421875 0.4109375 0.0140625 0.01640625
0 0.6921875 0.40078125 0.01328125 0.0140625
0 0.01796875 0.72890625 0.015625 0.01640625
0 0.15234375 0.18984375 0.01328125 0.01171875
0 0.1375 0.3625 0.01015625 0.01171875
0 0.52265625 0.2890625 0.02578125 0.0265625
0 0.33515625 0.15703125 0.0140625 0.01484375
0 0.66328125 0.93515625 0.01484375 0.01640625
0 0.08828125 0.48203125 0.0140625 0.01171875
0 0.509375 0.55078125 0.0109375 0.01171875
0 0.14921875 0.2921875 0.01484375 0.01328125
0 0.8921875 0.66640625 0.0109375 0.01171875
0 0.1546875 0.39453125 0.0125 0.0109375
0 0.38984375 0.7484375 0.015625 0.01484375
0 0.7640625 0.1765625 0.01328125 0.02421875
0 0.97265625 0.109375 0.0109375 0.01328125
0 0.028125 0.6078125 0.0328125 0.046875
0 0.7015625 0.93125 0.01796875 0.02109375
0 0.6984375 0.21640625 0.071875 0.09140625
0 0.96171875 0.4359375 0.0203125 0.021875
0 0.54375 0.2453125 0.009375 0.0125
0 0.6703125 0.97421875 0.0140625 0.01875
0 0.778125 0.8578125 0.01171875 0.0140625
0 0.82578125 0.72890625 0.00859375 0.0109375
0 0.15390625 0.0109375 0.01875 0.01953125
0 0.85078125 0.5265625 0.00859375 0.0109375
0 0.7109375 0.9515625 0.01796875 0.021875
0 0.5578125 0.37734375 0.009375 0.01171875
0 0.8171875 0.05703125 0.12265625 0.109375
0 0.58671875 0.10625 0.0328125 0.0328125
0 0.16484375 0.5640625 0.0125 0.01484375
0 0.98671875 0.25234375 0.01015625 0.01171875
0 0.4015625 0.8125 0.009375 0.01171875
0 0.784375 0.84296875 0.03125 0.0375
0 0.22890625 0.10546875 0.02578125 0.0125
0 0.8265625 0.74296875 0.0109375 0.01640625
0 0.03046875 0.2078125 0.0109375 0.0109375
0 0.0921875 0.9140625 0.01015625 0.0125
0 0.121875 0.365625 0.01015625 0.01015625
0 0.86328125 0.77265625 0.00859375 0.009375
0 0.41328125 0.1453125 0.0171875 0.02265625
0 0.90390625 0.340625 0.01171875 0.01328125
0 0.46171875 0.20234375 0.0078125 0.009375
0 0.65703125 0.159375 0.01796875 0.0203125
0 0.06875 0.31328125 0.0171875 0.01484375
0 0.80703125 0.16640625 0.01640625 0.02109375
0 0.43359375 0.57109375 0.01328125 0.01875
0 0.3859375 0.86875 0.00859375 0.01015625
0 0.5578125 0.22890625 0.00625 0.009375
0 0.065625 0.90625 0.01953125 0.021875
0 0.8046875 0.9265625 0.01015625 0.0171875
0 0.490625 0.0484375 0.00703125 0.015625
0 0.15 0.97578125 0.015625 0.01484375
0 0.23828125 0.9796875 0.01484375 0.0125
0 0.06796875 0.33515625 0.0125 0.01953125
0 0.15390625 0.453125 0.0078125 0.0109375
0 0.2015625 0.68203125 0.009375 0.01328125
0 0.30859375 0.1671875 0.140625 0.1765625
0 0.903125 0.63671875 0.0171875 0.01875
0 0.11328125 0.56484375 0.034375 0.03515625
0 0.359375 0.925 0.021875 0.021875
0 0.071875 0.8546875 0.0078125 0.009375
0 0.9453125 0.540625 0.109375 0.16484375