0 0.4984375 0.12890625 0.04140625 0.04921875
0 0.55078125 0.10546875 0.065625 0.06484375
0 0.5875 0.021875 0.0484375 0.04296875
0 0.73359375 0.03046875 0.04140625 0.053125
0 0.69453125 0.0875 0.05 0.0578125
0 0.70859375 0.16875 0.0390625 0.04921875
0 0.69765625 0.253125 0.034375 0.0546875
0 0.79765625 0.29921875 0.03515625 0.0671875
0 0.7359375 0.32421875 0.04765625 0.05625
0 0.734375 0.3796875 0.04765625 0.05078125
0 0.721875 0.67265625 0.03984375 0.05
0 0.63671875 0.83828125 0.04453125 0.04296875
0 0.81953125 0.59609375 0.04296875 0.053125
0 0.77890625 0.54765625 0.040625 0.0671875
0 0.82265625 0.53203125 0.028125 0.0625
0 0.86953125 0.72578125 0.04453125 0.0578125
0 0.89453125 0.8109375 0.05234375 0.06484375
0 0.9140625 0.9015625 0.053125 0.07421875
0 0.1515625 0.6484375 0.03828125 0.0453125
0 0.109375 0.74296875 0.04296875 0.0515625
0 0.22421875 0.55859375 0.03671875 0.046875
0 0.26640625 0.5671875 0.0390625 0.04453125
0 0.27734375 0.45703125 0.03203125 0.05859375
0 0.315625 0.4671875 0.034375 0.05546875
0 0.33515625 0.390625 0.0328125 0.05234375
0 0.43671875 0.24453125 0.05078125 0.053125
0 0.4078125 0.2890625 0.05078125 0.053125
0 0.04453125 0.13671875 0.028125 0.034375
0 0.57578125 0.23515625 0.03046875 0.04296875
0 0.64765625 0.19921875 0.04453125 0.09453125
0 0.80390625 0.09921875 0.04375 0.040625
0 0.525 0.534375 0.0375 0.05234375
0 0.9390625 0.6265625 0.04453125 0.05078125