0 0.43203125 0.17890625 0.02265625 0.02890625
0 0.4515625 0.07421875 0.03984375 0.053125
0 0.32890625 0.28203125 0.0296875 0.03515625
0 0.34453125 0.6453125 0.034375 0.0390625
0 0.4390625 0.29609375 0.03671875 0.05390625
0 0.46875 0.24453125 0.01484375 0.01875
0 0.23125 0.1921875 0.0125 0.0140625
0 0.08046875 0.4734375 0.028125 0.04296875
0 0.41875 0.13125 0.01640625 0.01953125
0 0.31484375 0.17734375 0.0171875 0.01875
0 0.31015625 0.5640625 0.0140625 0.01953125
0 0.61015625 0.24375 0.0140625 0.015625
0 0.4125 0.23984375 0.01328125 0.01875
0 0.46015625 0.11640625 0.0125 0.01875
0 0.16953125 0.6140625 0.01875 0.0203125
0 0.6890625 0.765625 0.01328125 0.01640625
0 0.38203125 0.065625 0.0140625 0.01796875
0 0.0921875 0.3828125 0.01328125 0.0171875
0 0.80625 0.1234375 0.02421875 0.0296875
0 0.34296875 0.7109375 0.02109375 0.028125
0 0.7796875 0.73984375 0.01796875 0.0171875
0 0.203125 0.41796875 0.01640625 0.02734375
0 0.2109375 0.05390625 0.0890625 0.09765625
0 0.0375 0.48515625 0.01484375 0.01640625
0 0.3796875 0.28515625 0.01640625 0.021875
0 0.19921875 0.34765625 0.01171875 0.01328125
0 0.55 0.01875 0.0109375 0.01484375
0 0.46796875 0.16015625 0.01015625 0.01328125
0 0.765625 0.734375 0.0125 0.01328125
0 0.4359375 0.29375 0.0125 0.01484375
0 0.7609375 0.271875 0.0109375 0.01328125
0 0.54375 0.3125 0.01953125 0.01953125
0 0.428125 0.03203125 0.0109375 0.0171875
0 0.7984375 0.12734375 0.00859375 0.0125
0 0.55234375 0.0328125 0.07578125 0.06015625
0 0.0921875 0.753125 0.01328125 0.0140625
0 0.15234375 0.3625 0.01171875 0.01171875
0 0.91796875 0.30546875 0.02265625 0.03203125
0 0.8484375 0.50859375 0.0203125 0.01796875
0 0.71875 0.25546875 0.01484375 0.015625
0 0.04609375 0.69375 0.0109375 0.015625
0 0.34921875 0.640625 0.015625 0.0171875
0 0.41171875 0.225 0.01328125 0.01796875
0 0.10234375 0.42421875 0.01171875 0.0140625
0 0.11953125 0.5078125 0.01171875 0.015625
0 0.6859375 0.25390625 0.009375 0.0125
0 0.0484375 0.0546875 0.0109375 0.01484375
0 0.21953125 0.403125 0.02265625 0.0390625
0 0.28828125 0.50703125 0.01015625 0.01171875
0 0.79375 0.16328125 0.009375 0.0125
0 0.0265625 0.74609375 0.0109375 0.0171875
0 0.3078125 0.86328125 0.01171875 0.0171875
0 0.58203125 0.0203125 0.01171875 0.01484375
0 0.321875 0.625 0.01171875 0.015625
0 0.22109375 0.971875 0.034375 0.0390625
0 0.96875 0.75546875 0.01015625 0.0140625
0 0.9734375 0.14140625 0.0125 0.025
0 0.06484375 0.65703125 0.01015625 0.015625
0 0.7640625 0.26640625 0.009375 0.0140625
0 0.1390625 0.45234375 0.009375 0.01328125
0 0.521875 0.02109375 0.00859375 0.01328125
0 0.05 0.096875 0.01015625 0.0140625
0 0.53203125 0.0484375 0.01015625 0.01328125
0 0.41015625 0.54609375 0.0125 0.01171875
0 0.11953125 0.62109375 0.00859375 0.0109375
0 0.92109375 0.59921875 0.02578125 0.0203125
0 0.73515625 0.72109375 0.0109375 0.0140625
0 0.15703125 0.06171875 0.015625 0.01484375
0 0.5671875 0.00859375 0.0109375 0.01328125
0 0.9140625 0.59765625 0.0109375 0.01171875
0 0.6375 0.03046875 0.009375 0.01171875
0 0.2453125 0.171875 0.0140625 0.01796875
0 0.13359375 0.95078125 0.015625 0.01640625
0 0.48515625 0.759375 0.01484375 0.01796875
0 0.425 0.81953125 0.01015625 0.0140625
0 0.834375 0.18359375 0.009375 0.0125
0 0.259375 0.9 0.0109375 0.01171875
0 0.3046875 0.5859375 0.01328125 0.01171875
0 0.675 0.49296875 0.0078125 0.009375
0 0.86171875 0.50390625 0.009375 0.01328125
0 0.77890625 0.7328125 0.01171875 0.01328125
0 0.51015625 0.45625 0.0109375 0.0109375
0 0.6984375 0.49453125 0.01015625 0.01015625
0 0.18984375 0.49296875 0.01015625 0.015625
0 0.39140625 0.9796875 0.021875 0.02578125
0 0.6421875 0.64765625 0.0125 0.015625
0 0.7171875 0.309375 0.0078125 0.0109375
0 0.97578125 0.7703125 0.01171875 0.0125
0 0.6453125 0.68125 0.009375 0.0125
0 0.74453125 0.34375 0.0625 0.0421875
0 0.4046875 0.2015625 0.02734375 0.02578125
0 0.69375 0.88203125 0.009375 0.01640625
0 0.82109375 0.6546875 0.0171875 0.0171875
0 0.7703125 0.646875 0.01015625 0.01015625
0 0.8609375 0.57890625 0.0109375 0.01015625
0 0.1234375 0.87109375 0.01015625 0.009375
0 0.96171875 0.90234375 0.0125 0.01953125
0 0.77578125 0.97265625 0.0125 0.015625
0 0.22890625 0.95703125 0.015625 0.02265625
0 0.784375 0.3921875 0.01015625 0.0203125
0 0.21953125 0.03828125 0.0125 0.0171875
0 0.0703125 0.2140625 0.009375 0.0140625
0 0.5125 0.3671875 0.01328125 0.015625
0 0.39921875 0.11484375 0.015625 0.0140625
0 0.3078125 0.578125 0.0125 0.01328125
0 0.3515625 0.55234375 0.01171875 0.015625
0 0.5171875 0.04296875 0.0125 0.01328125
0 0.51953125 0.0046875 0.00859375 0.0078125
0 0.0109375 0.9359375 0.01171875 0.0203125
0 0.91328125 0.96171875 0.009375 0.0140625
0 0.68828125 0.753125 0.01484375 0.02109375
0 0.67421875 0.81953125 0.01875 0.01875
0 0.26328125 0.76484375 0.01484375 0.0203125
0 0.428125 0.6734375 0.02109375 0.02578125
0 0.52890625 0.9640625 0.025 0.028125
0 0.82109375 0.9796875 0.009375 0.01328125
0 0.46171875 0.93359375 0.01953125 0.02578125
0 0.23203125 0.73359375 0.0296875 0.03125