0 0.42734375 0.5390625 0.0203125 0.02109375
0 0.7859375 0.6109375 0.03359375 0.0390625
0 0.03828125 0.15703125 0.03046875 0.03046875
0 0.70625 0.08671875 0.01171875 0.015625
0 0.28203125 0.65703125 0.02421875 0.02421875
0 0.565625 0.17265625 0.0125 0.015625
0 0.4375 0.2375 0.08984375 0.11015625
0 0.23203125 0.184375 0.0125 0.015625
0 0.246875 0.74140625 0.01171875 0.01640625
0 0.3203125 0.5703125 0.01796875 0.0171875
0 0.5828125 0.18125 0.046875 0.04296875
0 0.7171875 0.3 0.01953125 0.025
0 0.234375 0.7484375 0.03203125 0.02578125
0 0.190625 0.1578125 0.01640625 0.01796875
0 0.80703125 0.41484375 0.01328125 0.01796875
0 0.5578125 0.13828125 0.01015625 0.01484375
0 0.490625 0.2 0.0125 0.0140625
0 0.20703125 0.08125 0.0234375 0.01875
0 0.4203125 0.534375 0.01171875 0.01484375
0 0.36796875 0.58828125 0.01796875 0.02265625
0 0.84609375 0.49140625 0.01171875 0.01875
0 0.728125 0.0890625 0.01015625 0.0125
0 0.296875 0.32890625 0.01015625 0.01328125
0 0.73046875 0.07734375 0.0109375 0.015625
0 0.79453125 0.546875 0.015625 0.02109375
0 0.828125 0.67578125 0.02578125 0.04921875
0 0.11953125 0.30390625 0.0140625 0.01796875
0 0.2828125 0.05078125 0.02578125 0.0234375
0 0.6984375 0.0890625 0.01171875 0.0140625
0 0.240625 0.1359375 0.0109375 0.015625
0 0.31328125 0.153125 0.01171875 0.01328125
0 0.83828125 0.4984375 0.01015625 0.0125
0 0.96484375 0.5859375 0.0125 0.0171875
0 0.87578125 0.29296875 0.02578125 0.03984375
0 0.06015625 0.55390625 0.0125 0.01328125
0 0.0828125 0.15234375 0.01171875 0.01484375
0 0.61875 0.9578125 0.015625 0.01796875
0 0.86640625 0.5078125 0.009375 0.0140625
0 0.13125 0.10078125 0.0125 0.01171875
0 0.1515625 0.7328125 0.0125 0.01484375
0 0.384375 0.14609375 0.01015625 0.01171875
0 0.1390625 0.08828125 0.01328125 0.01328125
0 0.21640625 0.26796875 0.0125 0.01484375
0 0.43515625 0.80859375 0.01328125 0.01328125
0 0.6265625 0.0734375 0.03671875 0.05546875
0 0.82109375 0.71484375 0.009375 0.0140625
0 0.59296875 0.2515625 0.01171875 0.015625
0 0.7671875 0.1515625 0.0078125 0.009375
0 0.81171875 0.6328125 0.0109375 0.01796875
0 0.04453125 0.86640625 0.015625 0.01796875
0 0.71953125 0.95390625 0.0453125 0.053125
0 0.8484375 0.36328125 0.009375 0.009375
0 0.80546875 0.65625 0.009375 0.01171875
0 0.8734375 0.28671875 0.0140625 0.0171875
0 0.64921875 0.1453125 0.01171875 0.01640625
0 0.83125 0.9515625 0.01875 0.0234375
0 0.2390625 0.4578125 0.0078125 0.01484375
0 0.47421875 0.1578125 0.0078125 0.0109375
0 0.77109375 0.5984375 0.00859375 0.01015625
0 0.13671875 0.18828125 0.0109375 0.01171875
0 0.27734375 0.053125 0.01171875 0.01171875
0 0.02265625 0.33359375 0.01015625 0.015625
0 0.66328125 0.4296875 0.009375 0.0140625
0 0.765625 0.2484375 0.00703125 0.01015625
0 0.83125 0.04453125 0.01328125 0.01484375
0 0.24375 0.82265625 0.01484375 0.01796875
0 0.52578125 0.0421875 0.00859375 0.01171875
0 0.6828125 0.04296875 0.01171875 0.01328125
0 0.515625 0.40703125 0.01484375 0.01796875
0 0.07734375 0.41640625 0.01875 0.01953125
0 0.82421875 0.60390625 0.0078125 0.01328125
0 0.4578125 0.60234375 0.01171875 0.0140625
0 0.6375 0.81953125 0.00859375 0.0125
0 0.36328125 0.8109375 0.00859375 0.01875
0 0.7875 0.5546875 0.015625 0.01875
0 0.60859375 0.73046875 0.0078125 0.015625
0 0.89765625 0.22421875 0.00859375 0.0109375
0 0.76875 0.68359375 0.01171875 0.0109375
0 0.40546875 0.4171875 0.00859375 0.01875
0 0.975 0.37890625 0.01015625 0.0109375
0 0.1625 0.73203125 0.0375 0.028125
0 0.8453125 0.7171875 0.01171875 0.01484375
0 0.9578125 0.30546875 0.0140625 0.01328125
0 0.7734375 0.1953125 0.00703125 0.00859375
0 0.62265625 0.4375 0.0078125 0.0125
0 0.80859375 0.4390625 0.0078125 0.0125
0 0.82890625 0.5890625 0.0078125 0.0109375
0 0.71171875 0.309375 0.0078125 0.0125
0 0.61015625 0.96640625 0.01171875 0.0171875
0 0.2640625 0.81875 0.015625 0.01640625
0 0.6578125 0.24453125 0.0078125 0.0109375
0 0.77734375 0.9609375 0.0125 0.0140625
0 0.734375 0.71796875 0.0078125 0.01171875
0 0.39140625 0.28671875 0.0234375 0.0265625
0 0.98046875 0.40234375 0.00859375 0.0109375
0 0.80859375 0.7796875 0.01171875 0.01328125
0 0.93671875 0.734375 0.00859375 0.0140625
0 0.51875 0.396875 0.09296875 0.1234375
0 0.97578125 0.840625 0.01171875 0.0125
0 0.5140625 0.0765625 0.034375 0.03828125
0 0.84921875 0.73671875 0.00703125 0.01484375
0 0.8265625 0.2328125 0.00703125 0.01484375
0 0.878125 0.90859375 0.009375 0.0140625
0 0.97890625 0.7609375 0.009375 0.01171875
0 0.996875 0.24140625 0.00546875 0.01328125
0 0.5203125 0.315625 0.0171875 0.01875
0 0.9328125 0.86328125 0.00859375 0.01171875
0 0.946875 0.02734375 0.00625 0.00859375
0 0.8296875 0.66484375 0.01328125 0.01328125
0 0.44609375 0.98515625 0.009375 0.0125
0 0.15234375 0.75 0.075 0.06796875
0 0.95546875 0.0265625 0.05 0.04765625
0 0.79140625 0.99296875 0.0140625 0.01171875
0 0.36484375 0.28671875 0.015625 0.0171875
0 0.99765625 0.60625 0.0046875 0.009375
0 0.0515625 0.63984375 0.0375 0.05234375
0 0.2390625 0.82890625 0.0140625 0.0203125