0 0.54453125 0.66484375 0.03671875 0.03046875
0 0.42578125 0.54609375 0.021875 0.025
0 0.4453125 0.27734375 0.01796875 0.02421875
0 0.475 0.4953125 0.021875 0.03046875
0 0.38046875 0.45 0.01796875 0.02109375
0 0.46484375 0.58203125 0.03359375 0.03515625
0 0.28515625 0.4703125 0.02890625 0.03359375
0 0.075 0.4328125 0.0359375 0.03046875
0 0.153125 0.1609375 0.03046875 0.03203125
0 0.66484375 0.15625 0.0703125 0.08125
0 0.68046875 0.340625 0.01640625 0.01875
0 0.2140625 0.24609375 0.0296875 0.025
0 0.2484375 0.675 0.03125 0.03203125
0 0.55390625 0.6828125 0.0609375 0.096875
0 0.50625 0.784375 0.03359375 0.05390625
0 0.25078125 0.7015625 0.01484375 0.01796875
0 0.2953125 0.7765625 0.0296875 0.03125
0 0.36015625 0.03828125 0.06171875 0.06796875
0 0.77265625 0.190625 0.025 0.02421875
0 0.38125 0.47578125 0.01484375 0.015625
0 0.090625 0.6671875 0.01328125 0.01484375
0 0.459375 0.79921875 0.03203125 0.040625
0 0.09765625 0.05 0.01796875 0.02109375
0 0.69375 0.50859375 0.02109375 0.0234375
0 0.05625 0.075 0.02265625 0.0234375
0 0.85078125 0.85078125 0.0375 0.05625
0 0.8578125 0.059375 0.01171875 0.0171875
0 0.096875 0.91953125 0.01875 0.0234375
0 0.7921875 0.8375 0.03125 0.05859375
0 0.7953125 0.91171875 0.021875 0.0234375
0 0.61796875 0.83359375 0.03046875 0.03046875
0 0.2625 0.06796875 0.0140625 0.01328125
0 0.4265625 0.16328125 0.01484375 0.01640625
0 0.40703125 0.88359375 0.0328125 0.03515625
0 0.9625 0.20546875 0.0234375 0.02421875
0 0.53203125 0.66328125 0.01328125 0.01328125
0 0.20859375 0.5921875 0.03984375 0.04765625
0 0.8375 0.44453125 0.021875 0.02265625
0 0.25390625 0.71796875 0.0140625 0.015625
0 0.15078125 0.2609375 0.01875 0.0203125
0 0.49609375 0.13125 0.02265625 0.0328125
0 0.49921875 0.12734375 0.0125 0.01640625
0 0.8546875 0.84296875 0.0171875 0.01875
0 0.115625 0.1484375 0.0296875 0.0375
0 0.8296875 0.83203125 0.01328125 0.021875
0 0.67890625 0.078125 0.01171875 0.015625
0 0.66328125 0.63125 0.01171875 0.01640625
0 0.72265625 0.91015625 0.028125 0.0328125
0 0.084375 0.19609375 0.02265625 0.02578125
0 0.759375 0.25703125 0.0078125 0.015625
0 0.475 0.80859375 0.06484375 0.08515625
0 0.57578125 0.565625 0.03125 0.02890625
0 0.69609375 0.11796875 0.01171875 0.0140625
0 0.8546875 0.06953125 0.0203125 0.0421875
0 0.86953125 0.93359375 0.021875 0.02421875
0 0.82890625 0.61015625 0.01796875 0.01875
0 0.08203125 0.0234375 0.01171875 0.015625
0 0.4359375 0.1671875 0.01328125 0.01875
0 0.38984375 0.4671875 0.01484375 0.01640625
0 0.2578125 0.69609375 0.04453125 0.06015625
0 0.7765625 0.4046875 0.05703125 0.07265625
0 0.22421875 0.9765625 0.028125 0.03671875
0 0.8453125 0.921875 0.01328125 0.01640625
0 0.59453125 0.23828125 0.0109375 0.0125
0 0.76015625 0.27265625 0.0078125 0.01015625
0 0.3375 0.6 0.03828125 0.02890625
0 0.78984375 0.8453125 0.01171875 0.0171875
0 0.665625 0.6453125 0.01171875 0.01328125
0 0.65390625 0.76796875 0.01875 0.021875
0 0.8265625 0.075 0.00859375 0.00859375
0 0.34921875 0.33125 0.0078125 0.0140625
0 0.07109375 0.78046875 0.01015625 0.01171875
0 0.67109375 0.15390625 0.0109375 0.0109375
0 0.78203125 0.1890625 0.0109375 0.0078125
0 0.8765625 0.5484375 0.01015625 0.01015625
0 0.396875 0.8859375 0.0078125 0.01015625
0 0.9390625 0.44453125 0.0125 0.01484375
0 0.55234375 0.65234375 0.0125 0.0140625
0 0.81484375 0.07109375 0.00859375 0.00859375
0 0.7921875 0.83203125 0.01171875 0.0109375
0 0.44921875 0.93125 0.01171875 0.01484375
0 0.71875 0.91328125 0.0125 0.01484375
0 0.9375 0.15703125 0.00859375 0.0109375
0 0.45546875 0.93046875 0.01875 0.02265625
0 0.4515625 0.7796875 0.0140625 0.01796875
0 0.771875 0.7296875 0.01328125 0.01640625
0 0.96796875 0.42109375 0.0140625 0.01953125
0 0.821875 0.70078125 0.01875 0.01953125
0 0.41796875 0.05625 0.015625 0.0203125
0 0.7734375 0.984375 0.01328125 0.01640625
0 0.80390625 0.12421875 0.00703125 0.01015625
0 0.8125 0.7859375 0.02109375 0.0265625
0 0.83671875 0.61484375 0.01875 0.0140625
0 0.76875 0.2015625 0.009375 0.01015625
0 0.80390625 0.6890625 0.009375 0.01015625
0 0.10625 0.184375 0.08203125 0.08359375
0 0.47734375 0.93984375 0.01796875 0.015625
0 0.4515625 0.9140625 0.0140625 0.01484375
0 0.5984375 0.540625 0.009375 0.0140625
0 0.22109375 0.9890625 0.01015625 0.01953125
0 0.934375 0.4359375 0.02265625 0.01796875
0 0.478125 0.953125 0.015625 0.01484375
0 0.4640625 0.94921875 0.0109375 0.0140625
0 0.48125 0.92265625 0.0140625 0.01328125
0 0.9078125 0.88359375 0.16796875 0.184375
0 0.61875 0.72265625 0.01015625 0.01640625
0 0.78359375 0.7171875 0.01015625 0.0109375
0 0.446875 0.0703125 0.009375 0.0109375
0 0.80703125 0.73671875 0.00859375 0.01015625
0 0.96171875 0.428125 0.01640625 0.015625
0 0.821875 0.75390625 0.01484375 0.021875
0 0.57109375 0.53203125 0.025 0.021875