0 0.553125 0.3984375 0.053125 0.0671875
0 0.84296875 0.58984375 0.02734375 0.028125
0 0.73359375 0.4265625 0.0328125 0.034375
0 0.24140625 0.6171875 0.03203125 0.03515625
0 0.8953125 0.3265625 0.02578125 0.02734375
0 0.28828125 0.54765625 0.0203125 0.0234375
0 0.87109375 0.16171875 0.03359375 0.0375
0 0.25234375 0.77265625 0.10859375 0.1375
0 0.08359375 0.23203125 0.0796875 0.11015625
0 0.38359375 0.61953125 0.025 0.0328125
0 0.6203125 0.521875 0.0140625 0.0171875
0 0.20078125 0.04375 0.03515625 0.0390625
0 0.41015625 0.1375 0.03046875 0.0359375
0 0.83984375 0.115625 0.028125 0.02890625
0 0.66796875 0.5578125 0.040625 0.059375
0 0.684375 0.47890625 0.07734375 0.1046875
0 0.4828125 0.13671875 0.01484375 0.02109375
0 0.82265625 0.75234375 0.040625 0.0484375
0 0.23984375 0.8 0.03359375 0.03359375
0 0.5828125 0.559375 0.0171875 0.0265625
0 0.7328125 0.3625 0.01640625 0.01953125
0 0.753125 0.64140625 0.02109375 0.02890625
0 0.9296875 0.20078125 0.03203125 0.0421875
0 0.94765625 0.121875 0.0390625 0.0578125
0 0.93203125 0.60546875 0.0453125 0.0578125
0 0.80390625 0.47578125 0.0515625 0.0640625
0 0.7875 0.2609375 0.06015625 0.08125
0 0.15625 0.553125 0.0171875 0.0171875
0 0.24609375 0.1859375 0.01171875 0.01484375
0 0.28125 0.35078125 0.01328125 0.015625
0 0.7796875 0.28828125 0.034375 0.028125
0 0.85859375 0.2453125 0.02109375 0.02734375
0 0.06171875 0.359375 0.01640625 0.02421875
0 0.40546875 0.1421875 0.0125 0.01640625
0 0.778125 0.24765625 0.0171875 0.01953125
0 0.58671875 0.146875 0.015625 0.01953125
0 0.94609375 0.22578125 0.03203125 0.0328125
0 0.19375 0.97890625 0.0203125 0.025
0 0.54453125 0.3484375 0.01328125 0.01953125
0 0.4921875 0.03046875 0.01484375 0.01953125
0 0.8296875 0.43046875 0.084375 0.10078125
0 0.29140625 0.73359375 0.01953125 0.0265625
0 0.3453125 0.2984375 0.0125 0.0140625
0 0.85078125 0.66796875 0.1046875 0.1546875
0 0.625 0.51015625 0.0109375 0.0140625
0 0.6640625 0.27734375 0.03671875 0.040625
0 0.2875 0.94609375 0.01484375 0.01953125
0 0.725 0.20234375 0.04609375 0.05234375
0 0.05703125 0.7015625 0.01171875 0.0171875
0 0.46953125 0.82421875 0.01640625 0.02421875
0 0.53828125 0.8109375 0.01484375 0.015625
0 0.07109375 0.35546875 0.0171875 0.02109375
0 0.5015625 0.6921875 0.0140625 0.0203125
0 0.92265625 0.46328125 0.01171875 0.0171875
0 0.37265625 0.6359375 0.0125 0.0171875
0 0.659375 0.2984375 0.0140625 0.015625
0 0.809375 0.20625 0.01796875 0.01796875
0 0.66328125 0.41015625 0.01640625 0.0171875
0 0.73359375 0.69765625 0.015625 0.0296875
0 0.71953125 0.2078125 0.025 0.025
0 0.29921875 0.365625 0.01171875 0.01328125
0 0.9171875 0.53671875 0.028125 0.02578125
0 0.56171875 0.6953125 0.021875 0.01640625
0 0.88359375 0.3625 0.0234375 0.0234375
0 0.425 0.4203125 0.01328125 0.01640625
0 0.5265625 0.98125 0.0125 0.0171875
0 0.6640625 0.49140625 0.015625 0.015625
0 0.9828125 0.26640625 0.0328125 0.05859375
0 0.99453125 0.7421875 0.01015625 0.028125
0 0.09375 0.63203125 0.009375 0.01328125
0 0.75 0.6296875 0.01328125 0.01640625
0 0.665625 0.61875 0.009375 0.01171875
0 0.76640625 0.43984375 0.0125 0.01875
0 0.8875 0.24765625 0.01328125 0.01328125
0 0.89140625 0.159375 0.015625 0.0234375
0 0.134375 0.95703125 0.0171875 0.03359375
0 0.80234375 0.17578125 0.01875 0.0203125
0 0.59609375 0.021875 0.01484375 0.0125
0 0.71484375 0.034375 0.0734375 0.0671875
0 0.95234375 0.284375 0.040625 0.04609375
0 0.21328125 0.89609375 0.01328125 0.0234375
0 0.9421875 0.2921875 0.02265625 0.0265625
0 0.2875 0.37265625 0.03359375 0.02109375
0 0.84453125 0.0109375 0.0171875 0.0203125
0 0.88515625 0.4234375 0.01796875 0.01796875
0 0.87421875 0.64765625 0.01015625 0.015625
0 0.89453125 0.3421875 0.01171875 0.015625
0 0.871875 0.4125 0.0125 0.01328125
0 0.53828125 0.8234375 0.0109375 0.01953125
0 0.9265625 0.52109375 0.01796875 0.01484375
0 0.03125 0.8796875 0.0171875 0.02109375
0 0.68125 0.1234375 0.01875 0.02734375
0 0.05078125 0.8453125 0.0109375 0.01953125
0 0.66328125 0.34609375 0.01171875 0.015625
0 0.8171875 0.7578125 0.0125 0.02578125
0 0.07734375 0.83515625 0.01953125 0.040625
0 0.565625 0.62578125 0.009375 0.015625
0 0.91875 0.5546875 0.0140625 0.0171875
0 0.7140625 0.01015625 0.015625 0.015625
0 0.825 0.459375 0.009375 0.015625
0 0.93828125 0.12578125 0.0171875 0.01796875
0 0.8640625 0.6109375 0.009375 0.01953125
0 0.62890625 0.2890625 0.0109375 0.01796875
0 0.9046875 0.54609375 0.01484375 0.0265625
0 0.7359375 0.29453125 0.01171875 0.0203125
0 0.7265625 0.9015625 0.171875 0.18203125
0 0.05625 0.40703125 0.11171875 0.17734375
0 0.97421875 0.340625 0.01171875 0.01875
0 0.634375 0.1375 0.01171875 0.01640625
0 0.825 0.17265625 0.01171875 0.01640625
0 0.534375 0.9921875 0.01015625 0.01484375
0 0.76875 0.3078125 0.021875 0.03828125
0 0.59453125 0.75390625 0.1453125 0.2453125
0 0.9640625 0.26640625 0.01875 0.021875
0 0.5671875 0.04453125 0.0109375 0.015625
0 0.2046875 0.1078125 0.01953125 0.02265625
0 0.4875 0.01484375 0.0125 0.0109375
0 0.6078125 0.67265625 0.0609375 0.0703125
0 0.53984375 0.18203125 0.0125 0.01953125
0 0.01171875 0.9515625 0.01328125 0.0203125