0 0.50703125 0.39375 0.0609375 0.06875
0 0.45234375 0.31796875 0.03046875 0.03203125
0 0.51796875 0.3875 0.01953125 0.0234375
0 0.54453125 0.55390625 0.05234375 0.059375
0 0.51640625 0.3640625 0.01328125 0.015625
0 0.5296875 0.54609375 0.01796875 0.0171875
0 0.68359375 0.2140625 0.0265625 0.03046875
0 0.73359375 0.6015625 0.02890625 0.03125
0 0.50625 0.46328125 0.0171875 0.01875
0 0.42890625 0.4875 0.0328125 0.03125
0 0.19609375 0.47578125 0.0546875 0.07265625
0 0.1390625 0.3671875 0.01640625 0.01953125
0 0.275 0.60625 0.03515625 0.04453125
0 0.665625 0.3875 0.01953125 0.0203125
0 0.3875 0.51484375 0.01484375 0.015625
0 0.3203125 0.14453125 0.01484375 0.02265625
0 0.46171875 0.2875 0.01796875 0.01796875
0 0.584375 0.2421875 0.01015625 0.0140625
0 0.7171875 0.21875 0.01171875 0.0125
0 0.4015625 0.39140625 0.0125 0.015625
0 0.56875 0.66015625 0.021875 0.02421875
0 0.05859375 0.49765625 0.034375 0.046875
0 0.46640625 0.659375 0.01875 0.021875
0 0.621875 0.390625 0.01328125 0.0125
0 0.1546875 0.371875 0.046875 0.0515625
0 0.30625 0.03203125 0.0125 0.01328125
0 0.44921875 0.3796875 0.0125 0.015625
0 0.41328125 0.33359375 0.01328125 0.015625
0 0.24140625 0.25 0.01015625 0.0140625
0 0.25390625 0.33671875 0.0203125 0.03515625
0 0.32890625 0.6546875 0.01328125 0.015625
0 0.634375 0.28203125 0.0109375 0.01484375
0 0.496875 0.3859375 0.01171875 0.01328125
0 0.40390625 0.66640625 0.01953125 0.0234375
0 0.30078125 0.03671875 0.028125 0.04140625
0 0.575 0.1984375 0.01171875 0.01171875
0 0.5703125 0.45390625 0.0140625 0.0125
0 0.23125 0.81171875 0.01328125 0.015625
0 0.36953125 0.6046875 0.01171875 0.01171875
0 0.475 0.09765625 0.0078125 0.015625
0 0.0453125 0.265625 0.034375 0.0375
0 0.12421875 0.05546875 0.05625 0.0515625
0 0.2140625 0.44609375 0.02109375 0.01875
0 0.01796875 0.4625 0.01484375 0.01796875
0 0.4703125 0.40625 0.0109375 0.01328125
0 0.0375 0.26484375 0.01328125 0.015625
0 0.3125 0.62734375 0.015625 0.0171875
0 0.78046875 0.26640625 0.01171875 0.01328125
0 0.7921875 0.05234375 0.01328125 0.021875
0 0.2484375 0.9609375 0.015625 0.01328125
0 0.43203125 0.4796875 0.01171875 0.0125
0 0.57421875 0.4484375 0.028125 0.03046875
0 0.62421875 0.68046875 0.0140625 0.01484375
0 0.665625 0.71328125 0.01171875 0.0203125
0 0.57421875 0.4421875 0.0140625 0.01328125
0 0.590625 0.534375 0.015625 0.01875
0 0.25078125 0.9671875 0.0265625 0.03046875
0 0.1921875 0.5546875 0.009375 0.01328125
0 0.52265625 0.571875 0.0140625 0.01328125
0 0.01875 0.37578125 0.01484375 0.015625
0 0.4203125 0.2234375 0.009375 0.0109375
0 0.11328125 0.459375 0.01640625 0.01484375
0 0.815625 0.72890625 0.01953125 0.01953125
0 0.3734375 0.6421875 0.01328125 0.01875
0 0.378125 0.6546875 0.01015625 0.01328125
0 0.925 0.72109375 0.01796875 0.0203125
0 0.10390625 0.478125 0.01484375 0.01875
0 0.63203125 0.1375 0.0171875 0.01953125
0 0.73359375 0.25546875 0.00859375 0.0109375
0 0.76484375 0.3953125 0.009375 0.0125
0 0.6078125 0.34921875 0.0109375 0.0125
0 0.67890625 0.7015625 0.009375 0.01640625
0 0.26328125 0.31328125 0.0375 0.08203125
0 0.396875 0.72109375 0.0234375 0.0296875
0 0.6 0.07265625 0.0109375 0.0125
0 0.13984375 0.49453125 0.00859375 0.01171875
0 0.50546875 0.7359375 0.01171875 0.01640625
0 0.33046875 0.2703125 0.009375 0.01171875
0 0.0078125 0.7 0.015625 0.046875
0 0.7875 0.1203125 0.009375 0.015625
0 0.7140625 0.83359375 0.0140625 0.01640625
0 0.04765625 0.45625 0.0078125 0.01640625
0 0.6875 0.12109375 0.00859375 0.015625
0 0.0421875 0.84453125 0.01015625 0.01171875
0 0.7546875 0.9296875 0.04140625 0.03984375
0 0.05078125 0.83203125 0.05078125 0.05703125
0 0.4265625 0.3046875 0.01484375 0.01875
0 0.57578125 0.7875 0.01640625 0.01640625
0 0.94453125 0.15234375 0.009375 0.0125
0 0.2671875 0.2890625 0.021875 0.02578125
0 0.3078125 0.15234375 0.00703125 0.009375
0 0.175 0.48671875 0.00703125 0.01171875
0 0.7859375 0.04609375 0.00859375 0.0140625
0 0.58515625 0.778125 0.015625 0.015625
0 0.11015625 0.47421875 0.03203125 0.034375
0 0.7125 0.83984375 0.025 0.03046875
0 0.3609375 0.08984375 0.00703125 0.0109375
0 0.746875 0.775 0.009375 0.0140625
0 0.2890625 0.94765625 0.01015625 0.0109375
0 0.83203125 0.20546875 0.0078125 0.01015625
0 0.646875 0.0078125 0.0125 0.01328125
0 0.30546875 0.96484375 0.015625 0.01875
0 0.29765625 0.02890625 0.00859375 0.015625
0 0.9703125 0.60078125 0.009375 0.0140625
0 0.7625 0.921875 0.01328125 0.01484375
0 0.81953125 0.746875 0.01640625 0.01328125
0 0.99609375 0.5453125 0.0078125 0.01640625
0 0.04453125 0.2546875 0.00859375 0.01015625
0 0.0265625 0.60078125 0.0140625 0.0203125
0 0.03671875 0.58828125 0.04296875 0.05703125
0 0.790625 0.31953125 0.00859375 0.0140625
0 0.74375 0.92734375 0.01484375 0.01328125
0 0.87890625 0.79609375 0.01015625 0.01484375
0 0.00546875 0.59765625 0.009375 0.01171875
0 0.0328125 0.65703125 0.065625 0.1671875
0 0.29375 0.090625 0.01953125 0.02578125
0 0.94453125 0.19765625 0.0078125 0.021875
0 0.834375 0.84140625 0.01015625 0.01328125
0 0.0046875 0.6859375 0.00859375 0.01328125
0 0.89375 0.80546875 0.01015625 0.01484375
0 0.871875 0.8234375 0.0109375 0.0140625
0 0.27734375 0.02578125 0.015625 0.025
0 0.9453125 0.303125 0.00859375 0.01328125
0 0.79609375 0.98359375 0.0140625 0.01796875
0 0.88046875 0.80859375 0.0359375 0.04375
0 0.33125 0.4609375 0.01484375 0.01328125
0 0.9015625 0.1796875 0.01015625 0.01171875
0 0.34765625 0.48671875 0.015625 0.0171875
0 0.88046875 0.7265625 0.01796875 0.015625