0 0.9484375 0.52421875 0.025 0.028125
0 0.65078125 0.3890625 0.053125 0.07109375
0 0.6890625 0.64375 0.0546875 0.0578125
0 0.4234375 0.41640625 0.0359375 0.034375
0 0.54140625 0.52890625 0.0453125 0.06171875
0 0.5484375 0.075 0.03203125 0.040625
0 0.6421875 0.23046875 0.03046875 0.0359375
0 0.534375 0.540625 0.01328125 0.01640625
0 0.05 0.5109375 0.08203125 0.0875
0 0.4953125 0.12734375 0.01953125 0.02109375
0 0.58515625 0.521875 0.0515625 0.06796875
0 0.32890625 0.625 0.02421875 0.0265625
0 0.06484375 0.49921875 0.0140625 0.01484375
0 0.7921875 0.56640625 0.1046875 0.13125
0 0.9765625 0.5984375 0.01328125 0.0171875
0 0.41953125 0.4453125 0.04609375 0.0390625
0 0.1578125 0.5421875 0.0109375 0.0203125
0 0.340625 0.1703125 0.0171875 0.01640625
0 0.81484375 0.1 0.01875 0.01953125
0 0.7765625 0.27109375 0.01171875 0.0125
0 0.39140625 0.525 0.05625 0.07109375
0 0.1 0.725 0.0140625 0.01875
0 0.82109375 0.08359375 0.015625 0.01875
0 0.8546875 0.8390625 0.0390625 0.040625
0 0.8140625 0.23671875 0.01171875 0.015625
0 0.63671875 0.196875 0.01953125 0.0234375
0 0.56171875 0.58984375 0.02734375 0.0265625
0 0.45390625 0.21796875 0.01484375 0.0171875
0 0.10546875 0.7125 0.05625 0.06953125
0 0.59921875 0.66484375 0.05703125 0.08828125
0 0.9859375 0.3234375 0.02421875 0.0203125
0 0.5140625 0.42265625 0.01171875 0.0140625
0 0.80546875 0.140625 0.0125 0.0140625
0 0.190625 0.5921875 0.01015625 0.0234375
0 0.7 0.97421875 0.0484375 0.04140625
0 0.5953125 0.50390625 0.01484375 0.0171875
0 0.3375 0.6234375 0.0484375 0.06171875
0 0.89765625 0.559375 0.0140625 0.01484375
0 0.54453125 0.603125 0.06796875 0.0609375
0 0.23046875 0.59140625 0.01171875 0.01640625
0 0.50703125 0.02421875 0.040625 0.04453125
0 0.284375 0.5046875 0.02734375 0.02890625
0 0.61875 0.9375 0.0703125 0.11171875
0 0.10546875 0.6984375 0.0171875 0.01875
0 0.66328125 0.3125 0.01484375 0.0171875
0 0.5375 0.11328125 0.015625 0.015625
0 0.71640625 0.55625 0.01796875 0.0203125
0 0.08828125 0.74453125 0.0171875 0.0234375
0 0.34296875 0.58359375 0.0125 0.0171875
0 0.978125 0.70078125 0.04140625 0.05859375
0 0.88984375 0.03515625 0.05078125 0.06484375
0 0.98203125 0.05390625 0.034375 0.03671875
0 0.65703125 0.73359375 0.01640625 0.0234375
0 0.559375 0.1046875 0.015625 0.02109375
0 0.91796875 0.11953125 0.01796875 0.0140625
0 0.2078125 0.6484375 0.01640625 0.02421875
0 0.74765625 0.5890625 0.01015625 0.0140625
0 0.1875 0.075 0.021875 0.02265625
0 0.5296875 0.66015625 0.05234375 0.0703125
0 0.8546875 0.78203125 0.0203125 0.02890625
0 0.04375 0.96875 0.0515625 0.05625
0 0.4140625 0.4078125 0.01328125 0.01484375
0 0.20078125 0.5578125 0.0171875 0.01328125
0 0.24453125 0.6328125 0.0234375 0.021875
0 0.7078125 0.20625 0.01171875 0.0109375
0 0.696875 0.01953125 0.009375 0.025
0 0.65078125 0.20859375 0.06171875 0.075
0 0.6375 0.24375 0.0140625 0.01796875
0 0.38046875 0.7703125 0.021875 0.0125
0 0.97890625 0.61484375 0.01484375 0.0171875
0 0.5890625 0.234375 0.0125 0.01953125
0 0.53046875 0.51796875 0.0109375 0.015625
0 0.33828125 0.784375 0.06328125 0.0609375
0 0.2640625 0.4421875 0.0078125 0.0109375
0 0.496875 0.52109375 0.01328125 0.01484375
0 0.22578125 0.68125 0.01953125 0.02734375
0 0.0328125 0.75234375 0.00859375 0.01484375
0 0.584375 0.6890625 0.0140625 0.02265625
0 0.54609375 0.1046875 0.0125 0.01640625
0 0.62109375 0.20703125 0.0203125 0.0171875
0 0.23671875 0.68203125 0.0203125 0.02421875
0 0.3234375 0.60703125 0.0078125 0.0140625
0 0.11484375 0.7015625 0.0109375 0.0125
0 0.6109375 0.93515625 0.01171875 0.021875
0 0.54453125 0.05078125 0.0109375 0.01640625
0 0.85 0.36171875 0.1375 0.16484375
0 0.534375 0.5859375 0.01640625 0.0203125
0 0.6921875 0.62109375 0.01015625 0.01015625
0 0.5671875 0.13125 0.0203125 0.02578125
0 0.58515625 0.1375 0.015625 0.01953125
0 0.23671875 0.92578125 0.0078125 0.02578125
0 0.9734375 0.7234375 0.01484375 0.0234375
0 0.1984375 0.66875 0.01484375 0.01796875
0 0.8125 0.4 0.02421875 0.02421875
0 0.5203125 0.01171875 0.01640625 0.01953125
0 0.52265625 0.684375 0.015625 0.021875
0 0.68125 0.06015625 0.0796875 0.115625
0 0.74375 0.28046875 0.034375 0.034375
0 0.3734375 0.16640625 0.040625 0.03515625
0 0.5671875 0.1046875 0.0109375 0.02421875
0 0.959375 0.03046875 0.0140625 0.01953125
0 0.31875 0.7984375 0.01328125 0.0234375
0 0.025 0.94375 0.009375 0.0125
0 0.2125 0.225 0.07265625 0.0765625
0 0.2890625 0.3453125 0.0203125 0.0203125
0 0.19921875 0.1140625 0.0078125 0.01328125