0 0.50078125 0.45390625 0.04453125 0.04296875
0 0.1546875 0.54921875 0.028125 0.03046875
0 0.6875 0.3109375 0.028125 0.0328125
0 0.1390625 0.63671875 0.01953125 0.0203125
0 0.6234375 0.33515625 0.01796875 0.0203125
0 0.32421875 0.44453125 0.03359375 0.03984375
0 0.27578125 0.665625 0.021875 0.01953125
0 0.33125 0.096875 0.028125 0.03515625
0 0.040625 0.2203125 0.04296875 0.0625
0 0.3140625 0.28984375 0.0125 0.015625
0 0.44140625 0.43046875 0.04765625 0.05625
0 0.32578125 0.68203125 0.0515625 0.06953125
0 0.07890625 0.57421875 0.046875 0.0796875
0 0.5734375 0.30078125 0.02421875 0.02265625
0 0.62734375 0.33203125 0.04375 0.04921875
0 0.26328125 0.65703125 0.01328125 0.015625
0 0.55390625 0.1859375 0.02109375 0.0328125
0 0.51875 0.44296875 0.01328125 0.01484375
0 0.52109375 0.1 0.02578125 0.03671875
0 0.46953125 0.071875 0.0171875 0.01640625
0 0.35234375 0.62578125 0.01640625 0.01875
0 0.39140625 0.74296875 0.0265625 0.046875
0 0.0765625 0.64140625 0.0125 0.01796875
0 0.18203125 0.80546875 0.03515625 0.0421875
0 0.54140625 0.271875 0.01484375 0.015625
0 0.03671875 0.23515625 0.01328125 0.0171875
0 0.31953125 0.2984375 0.0140625 0.01640625
0 0.6765625 0.259375 0.02265625 0.021875
0 0.5921875 0.040625 0.01640625 0.015625
0 0.88359375 0.0984375 0.0125 0.01484375
0 0.35234375 0.578125 0.02265625 0.025
0 0.4140625 0.60390625 0.0640625 0.09140625
0 0.63515625 0.3234375 0.0171875 0.0203125
0 0.325 0.08828125 0.0078125 0.0140625
0 0.58671875 0.1640625 0.0125 0.01796875
0 0.1171875 0.43984375 0.04609375 0.05625
0 0.41015625 0.74375 0.034375 0.04296875
0 0.74375 0.47578125 0.015625 0.01328125
0 0.3890625 0.7890625 0.02734375 0.0296875
0 0.82890625 0.075 0.0171875 0.01328125
0 0.49375 0.7484375 0.0625 0.078125
0 0.3609375 0.2765625 0.0109375 0.01640625
0 0.1609375 0.225 0.0484375 0.059375
0 0.028125 0.47734375 0.0140625 0.01796875
0 0.0265625 0.72109375 0.03046875 0.05390625
0 0.04921875 0.93125 0.0171875 0.01953125
0 0.81484375 0.41171875 0.01875 0.021875
0 0.78203125 0.03359375 0.01328125 0.01796875
0 0.52578125 0.24453125 0.01953125 0.0171875
0 0.74765625 0.42265625 0.0125 0.01640625
0 0.25546875 0.8453125 0.025 0.02421875
0 0.70390625 0.1296875 0.0109375 0.015625
0 0.334375 0.64296875 0.02109375 0.01953125
0 0.146875 0.9484375 0.034375 0.046875
0 0.07734375 0.2015625 0.0125 0.015625
0 0.05625 0.36484375 0.0140625 0.01953125
0 0.69296875 0.33984375 0.0140625 0.0171875
0 0.71015625 0.26953125 0.0140625 0.01640625
0 0.67578125 0.03515625 0.0140625 0.01640625
0 0.5890625 0.9515625 0.04765625 0.065625
0 0.51875 0.09765625 0.01328125 0.0203125
0 0.7828125 0.49296875 0.01328125 0.0140625
0 0.64375 0.03359375 0.0328125 0.0546875
0 0.4015625 0.59296875 0.01953125 0.0203125
0 0.55546875 0.24765625 0.0125 0.015625
0 0.0953125 0.359375 0.0140625 0.01796875
0 0.59765625 0.37734375 0.0109375 0.01484375
0 0.01796875 0.55234375 0.009375 0.01953125
0 0.09375 0.64921875 0.0171875 0.01328125
0 0.4796875 0.075 0.015625 0.01484375
0 0.15859375 0.2109375 0.009375 0.01640625
0 0.03125 0.7125 0.0140625 0.021875
0 0.6875 0.4359375 0.01171875 0.0109375
0 0.19453125 0.70078125 0.01171875 0.01875
0 0.00859375 0.0421875 0.0140625 0.0203125
0 0.1671875 0.2125 0.009375 0.015625
0 0.04375 0.37890625 0.08046875 0.11015625
0 0.57734375 0.06171875 0.0171875 0.0140625
0 0.58359375 0.05390625 0.0109375 0.0125
0 0.5671875 0.053125 0.0109375 0.015625
0 0.5296875 0.44375 0.01171875 0.01171875
0 0.91640625 0.32734375 0.01171875 0.01328125
0 0.9578125 0.315625 0.084375 0.121875
0 0.59296875 0.9359375 0.01640625 0.01875
0 0.0515625 0.92265625 0.01328125 0.015625
0 0.29375 0.81015625 0.01953125 0.0234375
0 0.48046875 0.13984375 0.01328125 0.02109375
0 0.6171875 0.0453125 0.0984375 0.084375
0 0.76796875 0.478125 0.01015625 0.0171875
0 0.02265625 0.0328125 0.0140625 0.02109375
0 0.88984375 0.04296875 0.009375 0.0140625
0 0.0328125 0.915625 0.01015625 0.0140625
0 0.6390625 0.01640625 0.0125 0.01640625
0 0.19921875 0.80234375 0.01484375 0.0140625
0 0.509375 0.73828125 0.01171875 0.015625
0 0.35625 0.8828125 0.0171875 0.028125
0 0.39453125 0.75703125 0.05859375 0.090625
0 0.4859375 0.07109375 0.01015625 0.0109375
0 0.01796875 0.03828125 0.03515625 0.0578125
0 0.25625 0.86640625 0.0125 0.01875
0 0.309375 0.8234375 0.04765625 0.0515625
0 0.025 0.8390625 0.01171875 0.0140625
0 0.1625 0.496875 0.0171875 0.01015625
0 0.99609375 0.23359375 0.00703125 0.01328125
0 0.3234375 0.80703125 0.0171875 0.0203125
0 0.9625 0.5359375 0.0171875 0.01484375
0 0.30078125 0.82734375 0.0234375 0.02265625
0 0.3328125 0.759375 0.0609375 0.08984375
0 0.95859375 0.059375 0.01328125 0.0140625
0 0.665625 0.61484375 0.02265625 0.04140625
0 0.80234375 0.04921875 0.0359375 0.05078125
0 0.69453125 0.67734375 0.01171875 0.02265625
0 0.71171875 0.1671875 0.03359375 0.0375
0 0.178125 0.2453125 0.14453125 0.20625
0 0.71171875 0.28046875 0.0390625 0.0453125
0 0.50703125 0.13203125 0.03359375 0.05078125