0 0.17578125 0.41171875 0.0140625 0.0203125
0 0.18203125 0.4046875 0.01953125 0.02109375
0 0.3671875 0.4203125 0.0203125 0.02890625
0 0.9015625 0.83828125 0.028125 0.0296875
0 0.0859375 0.52421875 0.02578125 0.03359375
0 0.0390625 0.35546875 0.0140625 0.0171875
0 0.17734375 0.39140625 0.0140625 0.015625
0 0.17734375 0.2828125 0.0765625 0.0953125
0 0.16015625 0.2734375 0.015625 0.015625
0 0.16875 0.27265625 0.015625 0.01953125
0 0.115625 0.765625 0.01640625 0.021875
0 0.04140625 0.3625 0.0125 0.01328125
0 0.10546875 0.215625 0.0203125 0.0234375
0 0.36875 0.49296875 0.0125 0.01640625
0 0.546875 0.69765625 0.02265625 0.0265625
0 0.009375 0.32734375 0.01328125 0.01640625
0 0.60234375 0.63359375 0.02890625 0.04375
0 0.6859375 0.2265625 0.00859375 0.0125
0 0.9421875 0.68671875 0.0109375 0.0171875
0 0.00859375 0.3109375 0.01328125 0.0171875
0 0.078125 0.5140625 0.0078125 0.015625
0 0.19453125 0.20859375 0.01015625 0.01484375
0 0.53046875 0.22734375 0.1203125 0.153125
0 0.7203125 0.771875 0.01484375 0.01640625
0 0.46953125 0.19765625 0.0203125 0.02734375
0 0.0734375 0.47890625 0.0234375 0.015625
0 0.3703125 0.06953125 0.0265625 0.034375
0 0.1546875 0.22265625 0.01328125 0.0140625
0 0.346875 0.21953125 0.01171875 0.015625
0 0.0078125 0.271875 0.0140625 0.01796875
0 0.6109375 0.07109375 0.02578125 0.03125
0 0.31328125 0.89921875 0.01953125 0.02265625
0 0.328125 0.15703125 0.0203125 0.02109375
0 0.1859375 0.26875 0.01953125 0.0171875
0 0.29453125 0.78203125 0.021875 0.01875
0 0.48359375 0.6421875 0.01328125 0.0140625
0 0.1015625 0.675 0.0171875 0.01640625
0 0.79453125 0.11953125 0.0203125 0.03046875
0 0.90234375 0.8234375 0.040625 0.0359375
0 0.94609375 0.26875 0.009375 0.01015625
0 0.28671875 0.64453125 0.0125 0.0140625
0 0.58046875 0.15546875 0.03046875 0.03203125
0 0.88203125 0.228125 0.01015625 0.0109375
0 0.17109375 0.4625 0.0671875 0.07265625
0 0.3453125 0.928125 0.01171875 0.0140625
0 0.540625 0.06796875 0.034375 0.040625
0 0.17890625 0.96953125 0.01171875 0.015625
0 0.92890625 0.67578125 0.015625 0.01484375
0 0.48359375 0.7765625 0.01171875 0.0171875
0 0.8296875 0.2734375 0.06796875 0.059375
0 0.6703125 0.54609375 0.01015625 0.0140625
0 0.27734375 0.59921875 0.0078125 0.01484375
0 0.325 0.35390625 0.0296875 0.04609375
0 0.828125 0.23203125 0.0078125 0.00859375
0 0.7546875 0.6828125 0.0171875 0.01875
0 0.87109375 0.55625 0.0109375 0.0125
0 0.02109375 0.77890625 0.03671875 0.04140625
0 0.8 0.534375 0.01640625 0.0203125
0 0.18046875 0.6234375 0.00703125 0.0125
0 0.7859375 0.21796875 0.01171875 0.009375
0 0.78359375 0.1703125 0.01171875 0.009375
0 0.90078125 0.21015625 0.0125 0.015625
0 0.6125 0.721875 0.02421875 0.028125
0 0.47890625 0.0375 0.046875 0.06171875
0 0.5421875 0.565625 0.01171875 0.015625
0 0.75859375 0.11953125 0.01015625 0.01484375
0 0.940625 0.653125 0.01171875 0.01328125
0 0.32109375 0.34453125 0.0140625 0.0234375
0 0.08984375 0.3796875 0.0171875 0.0234375
0 0.69375 0.59765625 0.02265625 0.02265625
0 0.12734375 0.75703125 0.009375 0.01171875
0 0.521875 0.74453125 0.15625 0.22734375
0 0.95703125 0.12421875 0.009375 0.0125
0 0.209375 0.59375 0.034375 0.03359375
0 0.45703125 0.18671875 0.0140625 0.0203125
0 0.26953125 0.81953125 0.0171875 0.02421875
0 0.55625 0.52421875 0.02421875 0.02421875
0 0.9015625 0.3484375 0.00859375 0.0109375
0 0.525 0.36953125 0.01171875 0.015625
0 0.396875 0.4640625 0.046875 0.04609375
0 0.72578125 0.771875 0.16015625 0.2515625
0 0.6984375 0.87421875 0.03125 0.05234375
0 0.59375 0.215625 0.0671875 0.090625
0 0.35 0.80703125 0.0078125 0.01171875
0 0.840625 0.02578125 0.034375 0.0375
0 0.05 0.375 0.03671875 0.08046875
0 0.47890625 0.2265625 0.028125 0.03359375
0 0.203125 0.9875 0.01015625 0.0125
0 0.39765625 0.96328125 0.01171875 0.0171875
0 0.8515625 0.4140625 0.01484375 0.0171875
0 0.98125 0.384375 0.0375 0.0640625
0 0.9765625 0.1140625 0.0203125 0.0171875
0 0.5984375 0.21015625 0.0125 0.0203125
0 0.85390625 0.509375 0.0125 0.01171875
0 0.5890625 0.1515625 0.0140625 0.01875
0 0.84453125 0.6015625 0.01796875 0.02421875
0 0.85859375 0.6515625 0.00859375 0.0140625
0 0.471875 0.04921875 0.01875 0.02265625