0 0.47578125 0.115625 0.12109375 0.1140625
0 0.428125 0.02890625 0.07421875 0.0578125
0 0.09453125 0.1640625 0.07578125 0.10390625
0 0.1265625 0.0421875 0.07890625 0.07265625
0 0.3578125 0.51015625 0.090625 0.10859375
0 0.03046875 0.684375 0.059375 0.1171875
0 0.0734375 0.58828125 0.0625 0.115625
0 0.10859375 0.34453125 0.1109375 0.09453125
0 0.1828125 0.3140625 0.0671875 0.0875
0 0.8421875 0.2 0.1015625 0.0984375
0 0.75625 0.13359375 0.08984375 0.175
0 0.8625 0.0890625 0.06484375 0.1046875
0 0.571875 0.809375 0.1 0.15
0 0.753125 0.625 0.10390625 0.1140625
0 0.85390625 0.446875 0.0546875 0.06875
0 0.89296875 0.5390625 0.071875 0.0828125
0 0.96171875 0.73984375 0.0765625 0.0953125
0 0.8890625 0.7359375 0.0859375 0.11640625
0 0.3484375 0.79375 0.06328125 0.07109375
0 0.38828125 0.90234375 0.06171875 0.09609375
0 0.4734375 0.75703125 0.06875 0.09296875
0 0.49140625 0.6328125 0.05 0.09296875
0 0.67578125 0.34375 0.07421875 0.0828125
0 0.68125 0.23359375 0.04140625 0.06640625
0 0.60625 0.66640625 0.08203125 0.08828125
0 0.9578125 0.45859375 0.0609375 0.08125
0 0.9484375 0.25625 0.05390625 0.078125
0 0.88046875 0.2875 0.0671875 0.07890625