0 0.2859375 0.3421875 0.0375 0.03671875
0 0.36796875 0.21796875 0.04453125 0.05546875
0 0.6515625 0.1078125 0.04375 0.05859375
0 0.2703125 0.571875 0.01640625 0.02109375
0 0.20546875 0.25703125 0.01875 0.01796875
0 0.4015625 0.1875 0.0234375 0.02578125
0 0.35859375 0.2171875 0.01484375 0.01875
0 0.759375 0.1125 0.015625 0.021875
0 0.14453125 0.3171875 0.05 0.0578125
0 0.1078125 0.66171875 0.0671875 0.09375
0 0.1546875 0.365625 0.0109375 0.01484375
0 0.278125 0.37421875 0.08359375 0.11328125
0 0.265625 0.26640625 0.01015625 0.01328125
0 0.28125 0.578125 0.09609375 0.1078125
0 0.1515625 0.60390625 0.0109375 0.015625
0 0.44140625 0.14609375 0.0703125 0.08671875
0 0.653125 0.1640625 0.01171875 0.01171875
0 0.43515625 0.09921875 0.01796875 0.0203125
0 0.490625 0.046875 0.01796875 0.02734375
0 0.5171875 0.14921875 0.01171875 0.01640625
0 0.09453125 0.6765625 0.01484375 0.021875
0 0.1328125 0.30859375 0.0109375 0.0140625
0 0.0671875 0.41953125 0.01328125 0.01796875
0 0.225 0.01484375 0.0109375 0.01796875
0 0.1703125 0.70703125 0.01484375 0.01796875
0 0.1578125 0.26796875 0.009375 0.01171875
0 0.08203125 0.37109375 0.05 0.08515625
0 0.603125 0.19296875 0.0203125 0.021875
0 0.596875 0.17578125 0.0140625 0.01953125
0 0.0265625 0.66484375 0.0359375 0.028125
0 0.4765625 0.06875 0.05390625 0.065625
0 0.01796875 0.6625 0.01328125 0.01484375
0 0.203125 0.3453125 0.01484375 0.01796875
0 0.109375 0.94921875 0.01640625 0.021875
0 0.18671875 0.665625 0.009375 0.01015625
0 0.1890625 0.76875 0.0109375 0.01171875
0 0.0875 0.6203125 0.01015625 0.01328125
0 0.63125 0.61953125 0.0171875 0.01875
0 0.11796875 0.2984375 0.009375 0.01015625
0 0.9515625 0.0609375 0.015625 0.015625
0 0.0578125 0.3515625 0.0109375 0.0109375
0 0.19375 0.33046875 0.00859375 0.0109375
0 0.13359375 0.7484375 0.01328125 0.01640625
0 0.275 0.053125 0.0109375 0.0109375
0 0.0640625 0.3125 0.0109375 0.01171875
0 0.36015625 0.18828125 0.01015625 0.01015625
0 0.22421875 0.7015625 0.01328125 0.01171875
0 0.8140625 0.025 0.01328125 0.01328125
0 0.1125 0.1421875 0.0109375 0.01484375
0 0.65078125 0.846875 0.01484375 0.01953125
0 0.87578125 0.03515625 0.01171875 0.0140625
0 0.22109375 0.328125 0.00859375 0.009375
0 0.79609375 0.56796875 0.01171875 0.015625
0 0.0765625 0.69765625 0.00859375 0.01171875
0 0.14921875 0.04375 0.08515625 0.07734375
0 0.2640625 0.28828125 0.0109375 0.01328125
0 0.23046875 0.70078125 0.00859375 0.0109375
0 0.109375 0.9375 0.0109375 0.0140625
0 0.03125 0.08984375 0.0078125 0.01171875
0 0.03984375 0.634375 0.0109375 0.01484375
0 0.81953125 0.01953125 0.03671875 0.0328125
0 0.01875 0.3875 0.0125 0.0171875
0 0.01953125 0.15 0.0078125 0.0109375
0 0.66015625 0.10078125 0.0109375 0.01328125
0 0.30390625 0.703125 0.0078125 0.0125
0 0.2953125 0.253125 0.02265625 0.01875
0 0.6359375 0.81171875 0.01328125 0.01640625
0 0.12109375 0.953125 0.05234375 0.06953125
0 0.9296875 0.7640625 0.01875 0.01484375
0 0.6390625 0.10390625 0.01171875 0.0125
0 0.08515625 0.09140625 0.00859375 0.0109375
0 0.1421875 0.4328125 0.009375 0.015625
0 0.08125 0.85859375 0.01328125 0.0171875
0 0.665625 0.05625 0.015625 0.0109375
0 0.9546875 0.040625 0.08046875 0.06796875
0 0.9859375 0.02265625 0.02734375 0.0390625
0 0.95078125 0.96796875 0.01328125 0.0171875
0 0.253125 0.88125 0.009375 0.0140625
0 0.8609375 0.75234375 0.01328125 0.0171875
0 0.81015625 0.23359375 0.14453125 0.190625
0 0.234375 0.96796875 0.0109375 0.0140625
0 0.76328125 0.45703125 0.01328125 0.01484375
0 0.8421875 0.771875 0.0109375 0.015625
0 0.02265625 0.3421875 0.015625 0.02890625
0 0.9359375 0.44453125 0.12734375 0.184375
0 0.69375 0.96484375 0.01640625 0.01875
0 0.975 0.0140625 0.01015625 0.02109375
0 0.83359375 0.01171875 0.01328125 0.0109375
0 0.975 0.715625 0.00703125 0.01875
0 0.6578125 0.44375 0.01328125 0.01875
0 0.478125 0.5890625 0.1515625 0.20703125
0 0.78046875 0.17578125 0.01015625 0.0203125
0 0.40546875 0.66171875 0.1875 0.26875
0 0.35078125 0.025 0.04609375 0.04453125