0 0.45234375 0.33046875 0.01875 0.0203125
0 0.6859375 0.6421875 0.021875 0.02578125
0 0.68828125 0.64609375 0.04921875 0.07734375
0 0.215625 0.5796875 0.0359375 0.04140625
0 0.13671875 0.5046875 0.0296875 0.02578125
0 0.29921875 0.56015625 0.02578125 0.0265625
0 0.9234375 0.3921875 0.025 0.034375
0 0.27890625 0.39921875 0.03046875 0.03046875
0 0.22890625 0.35234375 0.0171875 0.01484375
0 0.51796875 0.29921875 0.06015625 0.0796875
0 0.2859375 0.6390625 0.02578125 0.02578125
0 0.22578125 0.13671875 0.015625 0.02265625
0 0.22265625 0.1203125 0.0140625 0.01796875
0 0.35 0.2109375 0.01171875 0.02109375
0 0.384375 0.33671875 0.015625 0.0234375
0 0.07890625 0.3578125 0.01640625 0.01953125
0 0.29609375 0.12890625 0.01328125 0.01640625
0 0.85625 0.53125 0.01640625 0.01953125
0 0.675 0.54609375 0.01171875 0.01328125
0 0.9390625 0.35546875 0.01484375 0.015625
0 0.28203125 0.73671875 0.0265625 0.028125
0 0.35859375 0.175 0.02109375 0.02890625
0 0.428125 0.096875 0.01640625 0.021875
0 0.32578125 0.42890625 0.01875 0.01640625
0 0.15390625 0.140625 0.0296875 0.0359375
0 0.58203125 0.80234375 0.01640625 0.021875
0 0.07734375 0.2828125 0.01484375 0.0171875
0 0.28359375 0.2203125 0.01328125 0.01875
0 0.38203125 0.35078125 0.0421875 0.059375
0 0.01484375 0.21171875 0.0171875 0.0234375
0 0.3546875 0.48671875 0.01328125 0.015625
0 0.40390625 0.5984375 0.0140625 0.01796875
0 0.98515625 0.39609375 0.02890625 0.0296875
0 0.22421875 0.7015625 0.0359375 0.034375
0 0.50390625 0.27578125 0.01953125 0.01640625
0 0.13984375 0.62890625 0.03359375 0.03515625
0 0.08359375 0.340625 0.040625 0.0625
0 0.53984375 0.209375 0.01953125 0.02578125
0 0.33125 0.42109375 0.0125 0.01796875
0 0.853125 0.54609375 0.040625 0.05859375
0 0.75703125 0.1046875 0.01328125 0.01640625
0 0.26796875 0.7515625 0.0296875 0.03359375
0 0.88359375 0.34296875 0.01875 0.01953125
0 0.246875 0.4765625 0.01171875 0.01484375
0 0.19453125 0.48671875 0.05078125 0.07265625
0 0.14609375 0.03515625 0.01328125 0.0171875
0 0.55859375 0.2421875 0.0234375 0.0234375
0 0.18203125 0.76875 0.01953125 0.01953125
0 0.18828125 0.4734375 0.0171875 0.01875
0 0.10234375 0.015625 0.0265625 0.0296875
0 0.25625 0.921875 0.0234375 0.0265625
0 0.6125 0.0109375 0.01875 0.015625
0 0.9109375 0.92109375 0.0234375 0.0234375
0 0.02265625 0.165625 0.009375 0.01328125
0 0.36953125 0.346875 0.01484375 0.0140625
0 0.26015625 0.6859375 0.0125 0.01640625
0 0.89609375 0.7640625 0.01953125 0.01640625
0 0.365625 0.4828125 0.01015625 0.0140625
0 0.334375 0.38515625 0.01328125 0.01171875
0 0.7171875 0.615625 0.01171875 0.01171875
0 0.09609375 0.84765625 0.0203125 0.0203125
0 0.9421875 0.0359375 0.02421875 0.040625
0 0.375 0.38515625 0.06953125 0.1265625
0 0.87890625 0.10390625 0.0125 0.01796875
0 0.2828125 0.69765625 0.046875 0.0578125
0 0.9515625 0.01328125 0.01328125 0.01796875
0 0.053125 0.9421875 0.0140625 0.01484375
0 0.91484375 0.94140625 0.025 0.021875
0 0.06796875 0.29375 0.009375 0.01015625
0 0.8671875 0.540625 0.01796875 0.021875
0 0.00703125 0.184375 0.01171875 0.01171875
0 0.1640625 0.81953125 0.01015625 0.01328125
0 0.33671875 0.51328125 0.02578125 0.0375
0 0.16875 0.33984375 0.0078125 0.015625
0 0.95 0.91953125 0.01640625 0.0171875
0 0.11875 0.81171875 0.0140625 0.01796875
0 0.09765625 0.10078125 0.01328125 0.021875
0 0.115625 0.990625 0.01171875 0.01484375
0 0.1015625 0.81328125 0.025 0.0296875
0 0.1140625 0.7953125 0.0125 0.01328125
0 0.9078125 0.95859375 0.01015625 0.015625
0 0.09765625 0.79453125 0.01328125 0.01484375
0 0.25 0.91796875 0.0109375 0.01328125
0 0.17578125 0.94140625 0.01015625 0.01015625
0 0.83671875 0.990625 0.015625 0.0171875
0 0.6078125 0.01640625 0.03359375 0.03046875
0 0.1609375 0.2234375 0.03828125 0.04765625
0 0.54140625 0.20078125 0.01484375 0.009375
0 0.09375 0.94921875 0.00859375 0.0140625
0 0.1109375 0.78046875 0.01953125 0.0234375
0 0.23515625 0.828125 0.00703125 0.009375
0 0.69296875 0.6703125 0.14453125 0.22890625
0 0.3921875 0.7859375 0.021875 0.04296875
0 0.68359375 0.90078125 0.03359375 0.03359375
0 0.84453125 0.37734375 0.02265625 0.02265625
0 0.28125 0.84609375 0.0359375 0.04453125
0 0.55390625 0.8203125 0.021875 0.0265625
0 0.4515625 0.75703125 0.02578125 0.04375
0 0.39765625 0.0703125 0.0234375 0.02734375
0 0.89765625 0.7765625 0.025 0.02890625
0 0.89765625 0.4203125 0.19765625 0.28359375