0 0.5140625 0.73359375 0.0296875 0.034375
0 0.2703125 0.66796875 0.03046875 0.04296875
0 0.7140625 0.625 0.0359375 0.0484375
0 0.71953125 0.17734375 0.0234375 0.02421875
0 0.35546875 0.48359375 0.03671875 0.0546875
0 0.5734375 0.68203125 0.03203125 0.03671875
0 0.396875 0.87265625 0.0296875 0.0328125
0 0.2640625 0.66484375 0.01171875 0.01640625
0 0.72421875 0.43671875 0.02109375 0.0203125
0 0.4578125 0.41640625 0.034375 0.03828125
0 0.540625 0.5078125 0.03125 0.028125
0 0.3171875 0.071875 0.03515625 0.04140625
0 0.50234375 0.090625 0.03203125 0.04375
0 0.9265625 0.26328125 0.02421875 0.01953125
0 0.74921875 0.19765625 0.05234375 0.04921875
0 0.3546875 0.4765625 0.01875 0.01875
0 0.8484375 0.8546875 0.02421875 0.0265625
0 0.1859375 0.79296875 0.02421875 0.03125
0 0.04921875 0.2796875 0.01640625 0.01875
0 0.7125 0.1734375 0.0125 0.0125
0 0.878125 0.0921875 0.021875 0.02421875
0 0.79453125 0.17578125 0.01171875 0.0140625
0 0.0265625 0.3390625 0.04375 0.03359375
0 0.03046875 0.08828125 0.0234375 0.02109375
0 0.56328125 0.603125 0.02265625 0.021875
0 0.9078125 0.44140625 0.01171875 0.0203125
0 0.1171875 0.03046875 0.02421875 0.025
0 0.33125 0.4546875 0.0140625 0.01796875
0 0.4890625 0.95078125 0.0515625 0.0578125
0 0.5 0.540625 0.01875 0.0171875
0 0.19609375 0.10625 0.03984375 0.046875
0 0.68515625 0.94140625 0.03515625 0.03515625
0 0.51796875 0.728125 0.01015625 0.0140625
0 0.33046875 0.096875 0.02421875 0.02421875
0 0.38125 0.0234375 0.021875 0.028125
0 0.74609375 0.9 0.03515625 0.03046875
0 0.275 0.13125 0.025 0.02421875
0 0.31640625 0.13125 0.0375 0.04296875
0 0.17109375 0.41875 0.01953125 0.0234375
0 0.78046875 0.6515625 0.0359375 0.0453125
0 0.37890625 0.06328125 0.01640625 0.0265625
0 0.846875 0.8515625 0.0109375 0.01484375
0 0.19609375 0.2140625 0.0140625 0.01328125
0 0.40625 0.2671875 0.046875 0.06796875
0 0.21484375 0.2625 0.028125 0.03359375
0 0.3953125 0.9015625 0.08828125 0.1078125
0 0.39296875 0.1890625 0.01171875 0.01484375
0 0.7640625 0.94140625 0.04453125 0.04921875
0 0.4578125 0.40390625 0.0140625 0.015625
0 0.37578125 0.76328125 0.00859375 0.0171875
0 0.3078125 0.81796875 0.00859375 0.01171875
0 0.45390625 0.425 0.015625 0.0140625
0 0.64453125 0.915625 0.0140625 0.021875
0 0.39453125 0.75859375 0.0640625 0.03828125
0 0.89296875 0.60234375 0.01171875 0.0109375
0 0.30625 0.0578125 0.01171875 0.015625
0 0.2765625 0.146875 0.0234375 0.028125
0 0.1265625 0.02890625 0.05234375 0.05
0 0.81171875 0.5828125 0.01796875 0.01328125
0 0.1921875 0.1078125 0.01015625 0.01171875
0 0.6703125 0.96875 0.053125 0.04453125
0 0.784375 0.6421875 0.01015625 0.0203125
0 0.2703125 0.11953125 0.0265625 0.02265625
0 0.69609375 0.8625 0.0140625 0.01796875
0 0.203125 0.61484375 0.0375 0.03984375
0 0.51875 0.52109375 0.01171875 0.01328125
0 0.0125 0.34375 0.0109375 0.0140625
0 0.65390625 0.96796875 0.0203125 0.02578125
0 0.5671875 0.67734375 0.01328125 0.0109375
0 0.68671875 0.8171875 0.01328125 0.0140625
0 0.91640625 0.42109375 0.03515625 0.06015625
0 0.2109375 0.1640625 0.03984375 0.03515625
0 0.15859375 0.15078125 0.00859375 0.0125
0 0.24140625 0.37265625 0.0296875 0.034375
0 0.68671875 0.74453125 0.009375 0.0109375
0 0.08359375 0.12578125 0.0109375 0.01328125
0 0.91953125 0.40546875 0.01953125 0.01796875
0 0.53984375 0.0671875 0.0296875 0.034375
0 0.34921875 0.95625 0.0109375 0.0265625
0 0.80859375 0.1546875 0.01328125 0.0125
0 0.39140625 0.1578125 0.01171875 0.01640625
0 0.16171875 0.25078125 0.02109375 0.0171875
0 0.365625 0.984375 0.01484375 0.021875
0 0.7515625 0.87734375 0.01171875 0.0203125
0 0.1875 0.2515625 0.0140625 0.01640625
0 0.775 0.94140625 0.11953125 0.11171875
0 0.7078125 0.625 0.0109375 0.0109375
0 0.5171875 0.04453125 0.0171875 0.01953125
0 0.78046875 0.93046875 0.015625 0.01953125
0 0.09140625 0.14140625 0.0140625 0.01484375
0 0.94296875 0.24453125 0.1140625 0.1984375
0 0.3546875 0.22734375 0.0140625 0.01640625
0 0.06484375 0.4421875 0.1296875 0.19375
0 0.096875 0.1265625 0.0390625 0.046875
0 0.35625 0.2375 0.009375 0.0140625