0 0.5265625 0.43515625 0.04375 0.05625
0 0.46796875 0.51875 0.03203125 0.03671875
0 0.05703125 0.646875 0.034375 0.03515625
0 0.396875 0.28125 0.03359375 0.0359375
0 0.403125 0.43828125 0.03046875 0.03671875
0 0.47578125 0.18125 0.04375 0.040625
0 0.47265625 0.125 0.03828125 0.053125
0 0.45625 0.02578125 0.03515625 0.03671875
0 0.5421875 0.078125 0.02890625 0.034375
0 0.7046875 0.48515625 0.0359375 0.04375
0 0.61875 0.653125 0.03515625 0.0453125
0 0.5890625 0.7234375 0.04140625 0.0453125
0 0.6921875 0.93828125 0.0375 0.0546875
0 0.64140625 0.896875 0.04375 0.0515625
0 0.878125 0.4515625 0.03828125 0.04375
0 0.88125 0.36328125 0.03828125 0.0359375
0 0.946875 0.40703125 0.03125 0.0359375
0 0.29296875 0.334375 0.0421875 0.04609375
0 0.34453125 0.25703125 0.0265625 0.03359375
0 0.37421875 0.14453125 0.0359375 0.03125
0 0.39765625 0.03828125 0.04375 0.04296875
0 0.39140625 0.0828125 0.0375 0.03515625
0 0.58671875 0.55 0.03671875 0.0453125
0 0.54375 0.515625 0.0390625 0.05
0 0.75859375 0.8203125 0.0375 0.0515625
0 0.16015625 0.39296875 0.0328125 0.04140625
0 0.32265625 0.4828125 0.0578125 0.04921875
0 0.31328125 0.20234375 0.04453125 0.06328125