0 0.0921875 0.4125 0.02265625 0.03046875
0 0.37265625 0.634375 0.015625 0.01953125
0 0.73828125 0.59375 0.0453125 0.0625
0 0.26328125 0.4265625 0.015625 0.01875
0 0.2703125 0.41796875 0.0390625 0.03984375
0 0.90703125 0.49921875 0.01640625 0.02109375
0 0.05234375 0.2421875 0.025 0.03125
0 0.4359375 0.3234375 0.01484375 0.01328125
0 0.2609375 0.3375 0.01328125 0.01796875
0 0.91484375 0.5609375 0.01171875 0.01484375
0 0.39765625 0.68203125 0.0140625 0.01640625
0 0.796875 0.35546875 0.01484375 0.01875
0 0.0609375 0.43984375 0.0109375 0.01484375
0 0.6734375 0.5109375 0.03359375 0.03828125
0 0.28515625 0.31796875 0.0125 0.01640625
0 0.92421875 0.5875 0.0125 0.01796875
0 0.7328125 0.60546875 0.015625 0.01640625
0 0.4921875 0.48125 0.009375 0.01328125
0 0.5359375 0.740625 0.0125 0.01640625
0 0.9609375 0.56328125 0.0140625 0.015625
0 0.040625 0.271875 0.01484375 0.0171875
0 0.93125 0.50625 0.02109375 0.0203125
0 0.92109375 0.50703125 0.0109375 0.0171875
0 0.14140625 0.34140625 0.01328125 0.01640625
0 0.28203125 0.71953125 0.0109375 0.01484375
0 0.7359375 0.621875 0.01171875 0.01484375
0 0.521875 0.7984375 0.01171875 0.015625
0 0.27734375 0.94765625 0.01015625 0.01640625
0 0.059375 0.21015625 0.0109375 0.0125
0 0.240625 0.38125 0.0109375 0.01328125
0 0.12265625 0.378125 0.01015625 0.01328125
0 0.7609375 0.403125 0.01171875 0.0125
0 0.1921875 0.81953125 0.0125 0.01640625
0 0.3234375 0.82890625 0.0125 0.01640625
0 0.23125 0.08984375 0.015625 0.02265625
0 0.83671875 0.7875 0.009375 0.01484375
0 0.4640625 0.62265625 0.025 0.025
0 0.6 0.87890625 0.01015625 0.0171875
0 0.56171875 0.69375 0.0109375 0.01640625
0 0.415625 0.34296875 0.01015625 0.01328125
0 0.8546875 0.19609375 0.009375 0.01171875
0 0.09765625 0.89609375 0.009375 0.0140625
0 0.8796875 0.6171875 0.01484375 0.01796875
0 0.8640625 0.309375 0.0109375 0.0140625
0 0.4296875 0.55859375 0.015625 0.01796875
0 0.5984375 0.47421875 0.02109375 0.025
0 0.10546875 0.2125 0.00859375 0.0109375
0 0.66484375 0.5125 0.0109375 0.0140625
0 0.0453125 0.24375 0.0078125 0.0125
0 0.51328125 0.221875 0.05234375 0.08515625
0 0.759375 0.34609375 0.01640625 0.0234375
0 0.14453125 0.684375 0.0265625 0.02265625
0 0.05078125 0.38984375 0.0234375 0.01796875
0 0.04140625 0.28828125 0.0109375 0.01328125
0 0.8296875 0.83125 0.01328125 0.01640625
0 0.02109375 0.12265625 0.0109375 0.0125
0 0.04375 0.4703125 0.009375 0.01171875
0 0.97734375 0.2890625 0.01171875 0.0203125
0 0.03125 0.20078125 0.00859375 0.0125
0 0.625 0.03203125 0.0390625 0.04765625
0 0.13359375 0.68359375 0.0125 0.0171875
0 0.703125 0.0453125 0.08828125 0.08984375
0 0.63671875 0.15390625 0.01484375 0.0203125
0 0.365625 0.92265625 0.128125 0.1328125
0 0.09453125 0.15546875 0.0109375 0.0125
0 0.0828125 0.0890625 0.0140625 0.015625
0 0.1390625 0.94140625 0.0171875 0.021875
0 0.35625 0.72109375 0.0125 0.01171875
0 0.7265625 0.5796875 0.01171875 0.01171875
0 0.91484375 0.74296875 0.0078125 0.0140625
0 0.0609375 0.3796875 0.0109375 0.01328125
0 0.81015625 0.3703125 0.01484375 0.0125
0 0.30625 0.7015625 0.0109375 0.0140625
0 0.7953125 0.82890625 0.009375 0.0125
0 0.31796875 0.82734375 0.01171875 0.015625
0 0.0171875 0.58359375 0.00703125 0.01171875
0 0.53984375 0.6 0.02109375 0.01953125
0 0.91640625 0.22734375 0.009375 0.0140625
0 0.71796875 0.00859375 0.01015625 0.0125
0 0.8484375 0.728125 0.015625 0.01953125
0 0.14609375 0.95625 0.01015625 0.015625
0 0.928125 0.2828125 0.009375 0.01328125
0 0.5046875 0.22578125 0.02109375 0.0234375
0 0.16796875 0.97109375 0.0078125 0.01328125
0 0.02109375 0.45625 0.0171875 0.015625
0 0.19609375 0.16953125 0.0078125 0.0109375
0 0.70546875 0.88984375 0.0140625 0.0140625
0 0.7234375 0.984375 0.0125 0.015625
0 0.08125 0.4796875 0.01171875 0.0140625
0 0.128125 0.98359375 0.0109375 0.01484375
0 0.68125 0.45859375 0.0171875 0.01328125
0 0.94296875 0.1515625 0.00859375 0.01015625
0 0.58515625 0.34765625 0.0140625 0.01953125
0 0.7796875 0.8734375 0.02109375 0.01953125
0 0.28515625 0.06640625 0.1484375 0.1328125
0 0.58515625 0.3375 0.01796875 0.01953125
0 0.66875 0.00703125 0.0078125 0.01015625
0 0.21875 0.9921875 0.01171875 0.0140625
0 0.59765625 0.66328125 0.103125 0.1734375
0 0.5421875 0.1484375 0.02265625 0.046875
0 0.34765625 0.32421875 0.0109375 0.0125
0 0.9703125 0.45625 0.01171875 0.01953125