0 0.7390625 0.690625 0.02421875 0.0328125
0 0.82109375 0.621875 0.0265625 0.02265625
0 0.30546875 0.8609375 0.021875 0.02109375
0 0.76796875 0.5640625 0.0140625 0.01484375
0 0.625 0.73515625 0.015625 0.01796875
0 0.63359375 0.64375 0.015625 0.015625
0 0.65546875 0.60546875 0.01171875 0.0125
0 0.83125 0.67265625 0.015625 0.015625
0 0.7859375 0.58359375 0.01015625 0.01171875
0 0.721875 0.884375 0.0171875 0.0171875
0 0.26328125 0.884375 0.03984375 0.0484375
0 0.86953125 0.93046875 0.01796875 0.0203125
0 0.82734375 0.7203125 0.0125 0.0125
0 0.8828125 0.603125 0.01875 0.01796875
0 0.25390625 0.86953125 0.0109375 0.01640625
0 0.89140625 0.6421875 0.0203125 0.0203125
0 0.26015625 0.15078125 0.00859375 0.0109375
0 0.8234375 0.60703125 0.0296875 0.03046875
0 0.7203125 0.571875 0.01015625 0.0109375
0 0.2109375 0.846875 0.01328125 0.01328125
0 0.3609375 0.834375 0.02421875 0.025
0 0.25859375 0.88359375 0.02109375 0.0265625
0 0.20078125 0.0484375 0.015625 0.01796875
0 0.82890625 0.01328125 0.03125 0.0265625
0 0.8125 0.56171875 0.0078125 0.0109375
0 0.76796875 0.49140625 0.0140625 0.0125
0 0.25703125 0.9609375 0.02734375 0.0328125
0 0.36484375 0.1796875 0.0390625 0.04453125
0 0.9234375 0.96171875 0.015625 0.02109375
0 0.28828125 0.15390625 0.0078125 0.0109375
0 0.96015625 0.23046875 0.05625 0.0609375
0 0.28828125 0.90546875 0.109375 0.14453125
0 0.66015625 0.7484375 0.00859375 0.01015625
0 0.25546875 0.634375 0.1359375 0.184375
0 0.36875 0.8203125 0.009375 0.015625
0 0.04296875 0.23203125 0.0125 0.0421875
0 0.39921875 0.80625 0.02265625 0.025
0 0.696875 0.96875 0.0125 0.015625
0 0.2453125 0.2546875 0.00703125 0.01171875
0 0.53203125 0.28828125 0.0140625 0.025
0 0.25546875 0.98125 0.034375 0.02734375
0 0.009375 0.20859375 0.00859375 0.0109375
0 0.6640625 0.634375 0.03359375 0.0375
0 0.36484375 0.5046875 0.1421875 0.19296875
0 0.04453125 0.21640625 0.00625 0.01171875
0 0.0890625 0.35546875 0.0140625 0.01796875
0 0.92734375 0.953125 0.009375 0.0109375
0 0.76640625 0.9015625 0.01328125 0.0140625
0 0.25078125 0.69453125 0.00703125 0.0109375
0 0.84453125 0.184375 0.01171875 0.00859375
0 0.1578125 0.47265625 0.11171875 0.1578125
0 0.9546875 0.1609375 0.0140625 0.0171875
0 0.73125 0.91328125 0.15234375 0.16328125
0 0.8484375 0.6515625 0.11328125 0.13828125
0 0.7609375 0.903125 0.01015625 0.01171875
0 0.1421875 0.0265625 0.0109375 0.009375
0 0.35703125 0.90703125 0.1609375 0.18046875
0 0.9421875 0.0921875 0.02734375 0.03515625
0 0.540625 0.359375 0.01875 0.01875
0 0.05390625 0.925 0.01328125 0.015625
0 0.47734375 0.3765625 0.0109375 0.01328125
0 0.7015625 0.228125 0.0234375 0.0265625
0 0.83125 0.3046875 0.021875 0.025
0 0.9359375 0.3109375 0.0265625 0.03125
0 0.70546875 0.35078125 0.01171875 0.0125
0 0.134375 0.590625 0.0359375 0.0578125
0 0.553125 0.159375 0.0234375 0.03359375
0 0.15625 0.65859375 0.009375 0.0125
0 0.64921875 0.0796875 0.1234375 0.15859375
0 0.125 0.3734375 0.025 0.02890625
0 0.5796875 0.0359375 0.0453125 0.06640625
0 0.54765625 0.1234375 0.02578125 0.0328125
0 0.79296875 0.01796875 0.03203125 0.0328125
0 0.790625 0.0265625 0.0796875 0.0515625
0 0.02265625 0.44296875 0.0140625 0.00859375
0 0.54609375 0.5390625 0.01015625 0.0140625
0 0.859375 0.12734375 0.00859375 0.0140625
0 0.6671875 0.33203125 0.02421875 0.05
0 0.39375 0.07578125 0.15625 0.15078125
0 0.571875 0.08828125 0.03046875 0.034375
0 0.10859375 0.04140625 0.021875 0.02578125
0 0.5515625 0.48203125 0.02734375 0.0265625
0 0.30546875 0.29296875 0.028125 0.02734375