0 0.26171875 0.3234375 0.0140625 0.0171875
0 0.29921875 0.04921875 0.03125 0.03125
0 0.55546875 0.603125 0.03203125 0.046875
0 0.384375 0.0640625 0.0203125 0.02734375
0 0.21875 0.1546875 0.0203125 0.02265625
0 0.0453125 0.3890625 0.0265625 0.03359375
0 0.084375 0.4328125 0.015625 0.0171875
0 0.13828125 0.1765625 0.040625 0.05078125
0 0.3296875 0.13515625 0.040625 0.05390625
0 0.571875 0.1515625 0.01484375 0.01640625
0 0.5359375 0.6703125 0.03203125 0.03515625
0 0.45703125 0.1515625 0.05625 0.0421875
0 0.9234375 0.10703125 0.025 0.03125
0 0.6359375 0.35625 0.01953125 0.02578125
0 0.66328125 0.80546875 0.02421875 0.025
0 0.51875 0.81875 0.02890625 0.02890625
0 0.60859375 0.36953125 0.0265625 0.03671875
0 0.07578125 0.20390625 0.0109375 0.0109375
0 0.2203125 0.1359375 0.0234375 0.0296875
0 0.85703125 0.628125 0.06875 0.0890625
0 0.0421875 0.3890625 0.01328125 0.0140625
0 0.759375 0.11328125 0.01875 0.01875
0 0.725 0.36328125 0.01484375 0.01328125
0 0.40625 0.89921875 0.03359375 0.03671875
0 0.98515625 0.38359375 0.0296875 0.06015625
0 0.6265625 0.50703125 0.02734375 0.0328125
0 0.45390625 0.0109375 0.01484375 0.01640625
0 0.34609375 0.8765625 0.01484375 0.01484375
0 0.234375 0.1984375 0.09453125 0.12890625
0 0.35234375 0.0171875 0.040625 0.03125
0 0.14140625 0.16328125 0.01953125 0.0140625
0 0.49609375 0.8328125 0.06640625 0.09453125
0 0.69375 0.49296875 0.0328125 0.03203125
0 0.84765625 0.83515625 0.04375 0.0625
0 0.34609375 0.46015625 0.0125 0.01171875
0 0.53046875 0.68203125 0.025 0.0171875
0 0.621875 0.153125 0.01484375 0.015625
0 0.55390625 0.109375 0.021875 0.02734375
0 0.82578125 0.509375 0.0265625 0.0375
0 0.34140625 0.059375 0.01171875 0.0140625
0 0.0453125 0.87890625 0.0125 0.02109375
0 0.00703125 0.2 0.0140625 0.028125
0 0.76484375 0.5953125 0.02265625 0.0203125
0 0.74296875 0.3546875 0.0359375 0.0390625
0 0.0625 0.38984375 0.0640625 0.0515625
0 0.2671875 0.134375 0.01328125 0.0109375
0 0.1921875 0.215625 0.00859375 0.0109375
0 0.640625 0.36640625 0.0421875 0.04140625
0 0.9484375 0.3 0.02421875 0.0234375
0 0.9625 0.30703125 0.05390625 0.04375
0 0.74375 0.89375 0.015625 0.01875
0 0.35 0.0125 0.01640625 0.021875
0 0.46015625 0.21640625 0.01015625 0.01328125
0 0.28984375 0.0796875 0.01171875 0.0125
0 0.7203125 0.025 0.02890625 0.04296875
0 0.08671875 0.96875 0.021875 0.025
0 0.75625 0.384375 0.01328125 0.01484375
0 0.5515625 0.60390625 0.01171875 0.015625
0 0.67734375 0.2046875 0.01171875 0.0171875
0 0.3828125 0.7796875 0.03046875 0.0359375
0 0.7890625 0.86640625 0.021875 0.03125
0 0.6734375 0.2140625 0.03046875 0.03671875
0 0.29140625 0.04609375 0.01015625 0.01171875
0 0.821875 0.49921875 0.0125 0.0171875
0 0.15390625 0.346875 0.0140625 0.01484375
0 0.77421875 0.4390625 0.01640625 0.01953125
0 0.2234375 0.16875 0.009375 0.0140625
0 0.425 0.884375 0.0125 0.0140625
0 0.35703125 0.9125 0.03359375 0.03359375
0 0.9734375 0.48515625 0.01640625 0.02421875
0 0.49296875 0.89765625 0.0140625 0.01875
0 0.7796875 0.4453125 0.03359375 0.0453125
0 0.1515625 0.3203125 0.01171875 0.01640625
0 0.99609375 0.35390625 0.00703125 0.01484375
0 0.8625 0.97734375 0.03046875 0.03359375
0 0.48671875 0.14609375 0.00859375 0.0125
0 0.28203125 0.109375 0.01015625 0.01640625
0 0.7546875 0.0859375 0.03359375 0.03671875
0 0.096875 0.440625 0.009375 0.01171875
0 0.6625 0.240625 0.01171875 0.0171875
0 0.83671875 0.41640625 0.015625 0.0234375
0 0.15234375 0.33828125 0.0171875 0.01796875
0 0.72578125 0.496875 0.01015625 0.01484375
0 0.58046875 0.32109375 0.01484375 0.0171875
0 0.71796875 0.70625 0.01015625 0.0125
0 0.4 0.96328125 0.03046875 0.046875
0 0.846875 0.6421875 0.01015625 0.0125
0 0.67578125 0.45 0.04765625 0.05546875
0 0.57421875 0.65078125 0.109375 0.15078125
0 0.1421875 0.8625 0.0078125 0.0109375
0 0.62109375 0.315625 0.01328125 0.0109375
0 0.54453125 0.884375 0.03359375 0.046875
0 0.625 0.609375 0.01484375 0.01640625
0 0.64921875 0.17578125 0.00859375 0.01171875
0 0.76484375 0.6109375 0.0640625 0.0546875
0 0.109375 0.2125 0.028125 0.02890625
0 0.66484375 0.05234375 0.08984375 0.1
0 0.69296875 0.71328125 0.0109375 0.01328125
0 0.8890625 0.06328125 0.0328125 0.0375
0 0.815625 0.12109375 0.00859375 0.009375
0 0.53203125 0.725 0.0140625 0.01953125
0 0.3578125 0.96875 0.0125 0.015625
0 0.7515625 0.91484375 0.00859375 0.01484375
0 0.7046875 0.72578125 0.0421875 0.046875
0 0.6328125 0.62109375 0.040625 0.04921875
0 0.428125 0.87421875 0.01484375 0.0203125
0 0.82109375 0.275 0.009375 0.0109375
0 0.77421875 0.7015625 0.0078125 0.015625
0 0.4125 0.91328125 0.06015625 0.09140625
0 0.721875 0.01015625 0.009375 0.01171875
0 0.49921875 0.33359375 0.028125 0.03359375
0 0.7359375 0.609375 0.0125 0.0109375
0 0.4078125 0.884375 0.015625 0.0203125
0 0.55078125 0.9359375 0.0171875 0.02265625
0 0.99609375 0.3765625 0.00703125 0.015625
0 0.9859375 0.853125 0.00703125 0.0125
0 0.359375 0.30546875 0.0109375 0.021875