0 0.21328125 0.32421875 0.040625 0.04296875
0 0.91171875 0.56171875 0.0234375 0.03125
0 0.5171875 0.68125 0.021875 0.021875
0 0.3265625 0.76640625 0.01484375 0.01484375
0 0.88828125 0.46015625 0.02734375 0.0203125
0 0.671875 0.13203125 0.01015625 0.01328125
0 0.671875 0.1203125 0.009375 0.0140625
0 0.07578125 0.7125 0.01953125 0.021875
0 0.3375 0.20078125 0.02265625 0.02421875
0 0.40234375 0.72890625 0.01640625 0.02265625
0 0.28203125 0.178125 0.0140625 0.01328125
0 0.07109375 0.63515625 0.01640625 0.02265625
0 0.37578125 0.028125 0.009375 0.0140625
0 0.19765625 0.309375 0.0109375 0.01328125
0 0.2015625 0.32421875 0.01484375 0.0140625
0 0.41015625 0.65625 0.009375 0.01171875
0 0.8015625 0.5859375 0.0109375 0.0125
0 0.43515625 0.45703125 0.05546875 0.07265625
0 0.96953125 0.3828125 0.01171875 0.01640625
0 0.52578125 0.6359375 0.0140625 0.01484375
0 0.271875 0.15703125 0.0078125 0.01015625
0 0.75703125 0.11640625 0.0265625 0.028125
0 0.16953125 0.178125 0.0171875 0.01953125
0 0.2046875 0.65546875 0.00859375 0.01171875
0 0.39921875 0.721875 0.01171875 0.01171875
0 0.49296875 0.015625 0.01484375 0.0203125
0 0.6625 0.165625 0.01171875 0.0140625
0 0.3734375 0.12109375 0.02109375 0.0359375
0 0.371875 0.06328125 0.0078125 0.0109375
0 0.146875 0.26015625 0.02109375 0.01875
0 0.71796875 0.81640625 0.01171875 0.01953125
0 0.38125 0.65234375 0.01015625 0.01015625
0 0.31796875 0.75703125 0.01640625 0.01171875
0 0.49453125 0.24375 0.01171875 0.0125
0 0.29296875 0.83984375 0.01171875 0.0125
0 0.7578125 0.7015625 0.01015625 0.0140625
0 0.30078125 0.3015625 0.009375 0.0125
0 0.8484375 0.50859375 0.01171875 0.021875
0 0.353125 0.0796875 0.01484375 0.01171875
0 0.55625 0.02109375 0.01171875 0.01796875
0 0.50234375 0.0421875 0.00859375 0.01171875
0 0.30546875 0.10625 0.00859375 0.0109375
0 0.7921875 0.29609375 0.0109375 0.0140625
0 0.4828125 0.06640625 0.0078125 0.0109375
0 0.5203125 0.9515625 0.02421875 0.028125
0 0.1046875 0.46015625 0.01484375 0.01796875
0 0.928125 0.171875 0.0125 0.0140625
0 0.39921875 0.025 0.0109375 0.0171875
0 0.434375 0.44453125 0.0203125 0.02109375
0 0.934375 0.18515625 0.01015625 0.0140625
0 0.46484375 0.20703125 0.0171875 0.01640625
0 0.9046875 0.6 0.0109375 0.01171875
0 0.12109375 0.74765625 0.009375 0.0125
0 0.61875 0.6375 0.009375 0.0109375
0 0.53984375 0.875 0.01484375 0.01875
0 0.2 0.696875 0.0078125 0.01015625
0 0.3453125 0.67421875 0.01875 0.015625
0 0.90703125 0.55390625 0.01171875 0.0140625
0 0.034375 0.89765625 0.0125 0.0140625
0 0.6421875 0.784375 0.0328125 0.03984375
0 0.49921875 0.11484375 0.02109375 0.02265625
0 0.46484375 0.75390625 0.015625 0.01015625
0 0.76171875 0.42890625 0.01171875 0.01328125
0 0.18359375 0.63515625 0.009375 0.01328125
0 0.0125 0.3625 0.01171875 0.0125
0 0.5109375 0.34609375 0.01171875 0.0203125
0 0.2109375 0.640625 0.00703125 0.0109375
0 0.76953125 0.28359375 0.00859375 0.0109375
0 0.203125 0.309375 0.01015625 0.0109375
0 0.09296875 0.85859375 0.0140625 0.01875
0 0.9171875 0.29765625 0.01015625 0.01015625
0 0.67421875 0.52890625 0.01328125 0.01875
0 0.77734375 0.41015625 0.0140625 0.0140625
0 0.4796875 0.334375 0.01953125 0.01171875
0 0.2953125 0.828125 0.0125 0.0140625
0 0.23359375 0.74453125 0.0140625 0.0109375
0 0.9890625 0.6890625 0.0203125 0.02109375
0 0.22578125 0.38203125 0.009375 0.01484375
0 0.93046875 0.18203125 0.00859375 0.01015625
0 0.496875 0.434375 0.02421875 0.03671875
0 0.578125 0.225 0.0203125 0.02421875
0 0.11484375 0.98203125 0.009375 0.0140625
0 0.10625 0.91796875 0.01171875 0.0140625
0 0.5796875 0.29296875 0.0078125 0.00859375
0 0.5171875 0.56484375 0.00859375 0.0109375
0 0.5796875 0.309375 0.00703125 0.01015625
0 0.396875 0.3015625 0.01796875 0.015625
0 0.29140625 0.440625 0.01015625 0.01171875
0 0.509375 0.38984375 0.015625 0.01328125
0 0.759375 0.1078125 0.01015625 0.0109375
0 0.20390625 0.51484375 0.0125 0.01796875
0 0.0515625 0.71640625 0.01328125 0.01640625
0 0.92109375 0.20234375 0.0078125 0.01015625
0 0.0515625 0.97265625 0.0421875 0.03359375
0 0.85234375 0.5453125 0.00859375 0.01171875
0 0.125 0.00859375 0.0078125 0.01171875
0 0.14140625 0.6859375 0.01015625 0.0203125
0 0.6171875 0.05390625 0.01875 0.05859375
0 0.7109375 0.9734375 0.0109375 0.01484375
0 0.63984375 0.63203125 0.0203125 0.02421875
0 0.9328125 0.35703125 0.0375 0.03203125
0 0.35546875 0.9765625 0.0125 0.0109375
0 0.64140625 0.61640625 0.0140625 0.0203125
0 0.03984375 0.97421875 0.00859375 0.0125
0 0.36875 0.00703125 0.0109375 0.0125
0 0.4140625 0.52421875 0.0546875 0.075
0 0.6421875 0.32890625 0.0078125 0.0171875
0 0.89609375 0.696875 0.02421875 0.0625
0 0.4859375 0.459375 0.034375 0.04296875
0 0.0875 0.59140625 0.0125 0.01328125
0 0.5171875 0.97734375 0.02109375 0.0203125
0 0.1296875 0.59375 0.0171875 0.0171875
0 0.4640625 0.53046875 0.028125 0.03046875
0 0.35 0.28359375 0.0234375 0.0328125
0 0.99765625 0.36328125 0.00390625 0.0109375