0 0.44609375 0.23671875 0.01484375 0.0140625
0 0.4984375 0.10546875 0.02265625 0.01484375
0 0.17734375 0.17734375 0.03125 0.03203125
0 0.4078125 0.50390625 0.028125 0.05078125
0 0.5515625 0.1546875 0.02734375 0.028125
0 0.115625 0.2703125 0.02265625 0.02578125
0 0.67421875 0.68984375 0.03828125 0.03125
0 0.3421875 0.1890625 0.03359375 0.0484375
0 0.3765625 0.41875 0.01640625 0.02734375
0 0.24609375 0.640625 0.05546875 0.071875
0 0.1828125 0.07265625 0.04140625 0.0375
0 0.3078125 0.6578125 0.05078125 0.0578125
0 0.93203125 0.309375 0.01953125 0.02890625
0 0.25859375 0.3671875 0.021875 0.0296875
0 0.9078125 0.390625 0.0328125 0.04921875
0 0.2578125 0.3453125 0.01328125 0.01484375
0 0.0484375 0.17421875 0.0234375 0.03125
0 0.396875 0.8515625 0.0328125 0.0390625
0 0.03828125 0.26328125 0.0609375 0.0828125
0 0.09453125 0.49140625 0.0953125 0.1078125
0 0.3890625 0.67421875 0.0625 0.0875
0 0.11796875 0.284375 0.05390625 0.0796875
0 0.33671875 0.1921875 0.01171875 0.01484375
0 0.5484375 0.525 0.0203125 0.01875
0 0.10390625 0.1875 0.01171875 0.01796875
0 0.35234375 0.05625 0.01953125 0.02421875
0 0.8609375 0.48828125 0.0765625 0.08828125
0 0.6171875 0.37734375 0.01796875 0.02109375
0 0.35234375 0.503125 0.01171875 0.015625
0 0.10625 0.26328125 0.01640625 0.0203125
0 0.40625 0.49296875 0.01171875 0.01484375
0 0.71796875 0.94921875 0.04296875 0.0546875
0 0.09453125 0.16484375 0.01328125 0.01953125
0 0.2625 0.1984375 0.009375 0.0125
0 0.46171875 0.23125 0.0140625 0.01328125
0 0.703125 0.72890625 0.015625 0.0265625
0 0.30546875 0.53671875 0.1109375 0.1203125
0 0.34609375 0.06171875 0.05234375 0.06328125
0 0.3140625 0.2015625 0.103125 0.1390625
0 0.96796875 0.225 0.01875 0.0140625
0 0.65546875 0.0390625 0.0203125 0.0234375
0 0.775 0.1234375 0.0109375 0.01015625
0 0.66328125 0.8640625 0.01640625 0.021875
0 0.56171875 0.9234375 0.021875 0.021875
0 0.50859375 0.12265625 0.009375 0.015625
0 0.04765625 0.253125 0.01484375 0.0203125
0 0.78671875 0.125 0.02734375 0.01875
0 0.6046875 0.1171875 0.0140625 0.0140625
0 0.0984375 0.02265625 0.04453125 0.0453125
0 0.8421875 0.2640625 0.0109375 0.01015625
0 0.8484375 0.37109375 0.01328125 0.01328125
0 0.1765625 0.14609375 0.01328125 0.01328125
0 0.63359375 0.6046875 0.01328125 0.01640625
0 0.6671875 0.8765625 0.01484375 0.0140625
0 0.965625 0.06953125 0.015625 0.0234375
0 0.15 0.44296875 0.0109375 0.01484375
0 0.7921875 0.5796875 0.015625 0.01328125
0 0.084375 0.6109375 0.009375 0.0109375
0 0.10625 0.01171875 0.0171875 0.01796875
0 0.078125 0.74921875 0.00859375 0.01171875
0 0.25390625 0.2640625 0.0125 0.0140625
0 0.0359375 0.028125 0.059375 0.05390625
0 0.425 0.771875 0.12578125 0.19921875
0 0.9640625 0.34375 0.01171875 0.0125
0 0.23515625 0.61875 0.01640625 0.01328125
0 0.06875 0.496875 0.01171875 0.0171875
0 0.84609375 0.14453125 0.01015625 0.0109375
0 0.23359375 0.684375 0.009375 0.0109375
0 0.05078125 0.65234375 0.01171875 0.01640625
0 0.52421875 0.34296875 0.01015625 0.01484375
0 0.85234375 0.38984375 0.0140625 0.0140625
0 0.0515625 0.6796875 0.0078125 0.0109375
0 0.8984375 0.28125 0.009375 0.0140625
0 0.58671875 0.43984375 0.0109375 0.01171875
0 0.83125 0.5015625 0.01328125 0.01171875
0 0.325 0.08203125 0.01171875 0.01328125
0 0.5140625 0.04140625 0.0234375 0.01953125
0 0.0703125 0.85859375 0.02578125 0.02578125
0 0.7 0.78671875 0.01875 0.0203125
0 0.3 0.521875 0.01953125 0.0125
0 0.7875 0.23046875 0.0125 0.0109375
0 0.62578125 0.88984375 0.11640625 0.175
0 0.82890625 0.51640625 0.01015625 0.015625
0 0.0296875 0.51484375 0.0140625 0.01875
0 0.85546875 0.36953125 0.009375 0.01484375
0 0.33515625 0.96953125 0.01640625 0.01640625
0 0.334375 0.675 0.03671875 0.03046875
0 0.30078125 0.53828125 0.0140625 0.01953125
0 0.88515625 0.2984375 0.015625 0.009375
0 0.89921875 0.309375 0.034375 0.0453125
0 0.715625 0.72109375 0.0109375 0.01484375
0 0.30390625 0.3265625 0.01328125 0.01796875
0 0.20703125 0.15703125 0.0171875 0.02109375
0 0.2890625 0.55234375 0.0109375 0.01640625
0 0.575 0.86875 0.015625 0.01796875
0 0.78046875 0.94921875 0.009375 0.01875
0 0.38828125 0.85859375 0.0171875 0.02109375
0 0.8609375 0.021875 0.0109375 0.01171875
0 0.01875 0.9171875 0.034375 0.03046875
0 0.878125 0.44765625 0.00859375 0.015625
0 0.45625 0.42265625 0.0125 0.015625
0 0.628125 0.0625 0.090625 0.10078125
0 0.9765625 0.6859375 0.01484375 0.01015625
0 0.053125 0.94140625 0.021875 0.0265625
0 0.38359375 0.65 0.0265625 0.0265625
0 0.490625 0.4453125 0.0171875 0.01484375
0 0.0109375 0.95546875 0.01796875 0.021875
0 0.065625 0.94375 0.01953125 0.0171875
0 0.5828125 0.60234375 0.01484375 0.01640625
0 0.41328125 0.04453125 0.07890625 0.0828125
0 0.48125 0.428125 0.01875 0.02109375
0 0.7015625 0.18203125 0.07265625 0.1046875
0 0.7421875 0.5953125 0.15234375 0.20859375