0 0.11015625 0.35390625 0.02890625 0.0203125
0 0.1484375 0.50078125 0.02265625 0.021875
0 0.39609375 0.7125 0.01640625 0.0171875
0 0.11640625 0.3640625 0.0140625 0.01328125
0 0.89921875 0.66171875 0.03359375 0.0375
0 0.60859375 0.72265625 0.03359375 0.03359375
0 0.67578125 0.134375 0.0234375 0.0265625
0 0.25390625 0.425 0.009375 0.0109375
0 0.65546875 0.7484375 0.0265625 0.03203125
0 0.13984375 0.24609375 0.0265625 0.0328125
0 0.39765625 0.56953125 0.01015625 0.01171875
0 0.140625 0.23828125 0.01171875 0.01171875
0 0.15078125 0.23046875 0.0484375 0.046875
0 0.2 0.37265625 0.01328125 0.0125
0 0.11875 0.37890625 0.075 0.10078125
0 0.2078125 0.55 0.01171875 0.01171875
0 0.0578125 0.47421875 0.0078125 0.0109375
0 0.55625 0.17421875 0.00859375 0.0140625
0 0.01015625 0.21171875 0.01796875 0.0203125
0 0.39609375 0.80234375 0.01171875 0.01328125
0 0.40234375 0.69453125 0.0140625 0.0171875
0 0.15625 0.21875 0.0109375 0.0125
0 0.61484375 0.5671875 0.009375 0.01171875
0 0.1375 0.55078125 0.01015625 0.01171875
0 0.66875 0.12890625 0.0140625 0.01953125
0 0.40234375 0.43125 0.01015625 0.0125
0 0.33203125 0.38984375 0.0109375 0.01328125
0 0.5859375 0.47109375 0.0125 0.01484375
0 0.65 0.171875 0.009375 0.01015625
0 0.4265625 0.75546875 0.01484375 0.0171875
0 0.359375 0.0171875 0.01171875 0.01484375
0 0.7671875 0.6328125 0.009375 0.0109375
0 0.14921875 0.4796875 0.0109375 0.0109375
0 0.1078125 0.80859375 0.01640625 0.021875
0 0.6375 0.11484375 0.0109375 0.0140625
0 0.525 0.12578125 0.0109375 0.01171875
0 0.0046875 0.35546875 0.009375 0.01484375
0 0.10859375 0.7875 0.01015625 0.01484375
0 0.23515625 0.228125 0.1125 0.10859375
0 0.0046875 0.34609375 0.009375 0.0140625
0 0.66640625 0.73671875 0.0109375 0.01171875
0 0.865625 0.56640625 0.02734375 0.0296875
0 0.6359375 0.40546875 0.0078125 0.01015625
0 0.05 0.59765625 0.00859375 0.00859375
0 0.8078125 0.63125 0.00859375 0.01015625
0 0.35859375 0.16484375 0.009375 0.01015625
0 0.8015625 0.61796875 0.0078125 0.00859375
0 0.0890625 0.1078125 0.00859375 0.01015625
0 0.771875 0.38359375 0.01015625 0.015625
0 0.11328125 0.4171875 0.00703125 0.01171875
0 0.475 0.503125 0.009375 0.01171875
0 0.8296875 0.08359375 0.009375 0.0140625
0 0.82734375 0.6265625 0.01328125 0.01015625
0 0.92109375 0.29921875 0.0140625 0.0125
0 0.1046875 0.35234375 0.015625 0.009375
0 0.2328125 0.76875 0.0125 0.01015625
0 0.25390625 0.54765625 0.00703125 0.009375
0 0.4046875 0.8390625 0.13515625 0.13671875
0 0.11640625 0.34296875 0.01015625 0.0125
0 0.21015625 0.54453125 0.0078125 0.0109375
0 0.90390625 0.65625 0.0078125 0.009375
0 0.60390625 0.27421875 0.00703125 0.01328125
0 0.42890625 0.76796875 0.01484375 0.01484375
0 0.3421875 0.8078125 0.01171875 0.01484375
0 0.75234375 0.55703125 0.009375 0.01015625
0 0.778125 0.5640625 0.01015625 0.00859375
0 0.85625 0.56484375 0.00859375 0.01171875
0 0.88125 0.32265625 0.00703125 0.01484375
0 0.7703125 0.2125 0.0078125 0.01328125
0 0.45546875 0.20703125 0.0078125 0.01015625
0 0.16953125 0.940625 0.0109375 0.0171875
0 0.4953125 0.14375 0.00859375 0.01875
0 0.334375 0.7640625 0.0078125 0.009375
0 0.9625 0.125 0.009375 0.0125
0 0.15234375 0.61875 0.00859375 0.01015625
0 0.7125 0.95703125 0.01171875 0.015625
0 0.90859375 0.48125 0.01796875 0.01171875
0 0.825 0.30234375 0.0078125 0.0109375
0 0.296875 0.61015625 0.03203125 0.02734375
0 0.15 0.640625 0.01640625 0.028125
0 0.5125 0.05 0.009375 0.0109375
0 0.5328125 0.0421875 0.08671875 0.0734375
0 0.765625 0.61875 0.00625 0.0109375
0 0.78046875 0.53828125 0.00859375 0.009375
0 0.865625 0.8125 0.01328125 0.01640625
0 0.621875 0.92578125 0.009375 0.01328125
0 0.8296875 0.37890625 0.00859375 0.01796875
0 0.6609375 0.73125 0.00859375 0.0140625
0 0.7875 0.19765625 0.00859375 0.00703125
0 0.6453125 0.746875 0.01484375 0.0234375
0 0.1546875 0.15625 0.0109375 0.0125
0 0.38828125 0.584375 0.01328125 0.0234375
0 0.85625 0.66484375 0.0078125 0.00859375
0 0.865625 0.45390625 0.00859375 0.01484375
0 0.996875 0.271875 0.00625 0.015625
0 0.309375 0.603125 0.125 0.096875
0 0.89296875 0.646875 0.00859375 0.01171875
0 0.325 0.8859375 0.17890625 0.2015625
0 0.28203125 0.0359375 0.0171875 0.01640625