0 0.2625 0.53203125 0.028125 0.04609375
0 0.903125 0.5875 0.09765625 0.1234375
0 0.43671875 0.403125 0.02578125 0.053125
0 0.4984375 0.56171875 0.028125 0.04453125
0 0.17890625 0.29921875 0.02109375 0.02890625
0 0.0703125 0.30234375 0.0390625 0.03828125
0 0.1296875 0.1328125 0.01875 0.02734375
0 0.37265625 0.728125 0.10390625 0.13671875
0 0.03515625 0.08984375 0.0171875 0.03671875
0 0.73515625 0.115625 0.05078125 0.059375
0 0.32890625 0.6734375 0.0171875 0.01796875
0 0.86640625 0.02421875 0.05546875 0.04609375
0 0.5359375 0.6421875 0.0140625 0.01171875
0 0.615625 0.5109375 0.021875 0.02890625
0 0.23203125 0.565625 0.01015625 0.0125
0 0.7078125 0.64140625 0.015625 0.01640625
0 0.6546875 0.06171875 0.103125 0.11796875
0 0.1484375 0.81796875 0.034375 0.04296875
0 0.3640625 0.7171875 0.0125 0.0171875
0 0.40625 0.315625 0.0125 0.0140625
0 0.8734375 0.1484375 0.0140625 0.021875
0 0.03671875 0.42109375 0.01484375 0.02265625
0 0.271875 0.5078125 0.01484375 0.01640625
0 0.5515625 0.28125 0.0265625 0.02890625
0 0.646875 0.19765625 0.01328125 0.01328125
0 0.075 0.54609375 0.0234375 0.025
0 0.18828125 0.96484375 0.0453125 0.05625
0 0.05703125 0.43515625 0.0484375 0.05078125
0 0.5453125 0.62109375 0.0203125 0.015625
0 0.15546875 0.4015625 0.01171875 0.02421875
0 0.96796875 0.17578125 0.040625 0.05390625
0 0.228125 0.11796875 0.03359375 0.04609375
0 0.23046875 0.10078125 0.0171875 0.0296875
0 0.2171875 0.1125 0.015625 0.015625
0 0.878125 0.1578125 0.01484375 0.02578125
0 0.8640625 0.1234375 0.01953125 0.0234375
0 0.39921875 0.428125 0.01171875 0.01640625
0 0.78203125 0.70234375 0.01796875 0.02265625
0 0.24375 0.846875 0.0171875 0.01953125
0 0.2421875 0.58203125 0.01015625 0.0140625
0 0.15546875 0.4234375 0.0109375 0.01875
0 0.7609375 0.1015625 0.01484375 0.02265625
0 0.140625 0.35625 0.01796875 0.01875
0 0.7875 0.25234375 0.01875 0.02734375
0 0.846875 0.82109375 0.01953125 0.01796875
0 0.1359375 0.196875 0.01015625 0.025
0 0.528125 0.73515625 0.0171875 0.0125
0 0.34296875 0.96015625 0.05546875 0.0640625
0 0.14453125 0.4390625 0.0171875 0.0171875
0 0.4640625 0.6828125 0.0203125 0.01484375
0 0.88671875 0.60546875 0.034375 0.025
0 0.9578125 0.259375 0.05 0.0734375
0 0.07734375 0.01484375 0.03125 0.02890625
0 0.95625 0.74140625 0.071875 0.09921875
0 0.28515625 0.15546875 0.021875 0.03046875
0 0.2453125 0.4546875 0.0171875 0.01328125
0 0.33203125 0.3 0.01484375 0.01640625
0 0.2046875 0.6484375 0.06953125 0.08203125
0 0.2875 0.12734375 0.01484375 0.03125
0 0.2984375 0.484375 0.0234375 0.0203125
0 0.9484375 0.23984375 0.01328125 0.02734375
0 0.96171875 0.525 0.0109375 0.021875
0 0.0734375 0.6015625 0.01171875 0.01640625
0 0.25859375 0.90859375 0.0140625 0.02578125
0 0.0625 0.17265625 0.0140625 0.01328125
0 0.13828125 0.4296875 0.01640625 0.01640625
0 0.8765625 0.57578125 0.01640625 0.0203125
0 0.384375 0.63671875 0.01015625 0.0171875
0 0.88203125 0.83125 0.01875 0.0140625
0 0.890625 0.62265625 0.0296875 0.021875
0 0.271875 0.14765625 0.015625 0.0203125
0 0.8046875 0.31796875 0.01796875 0.02421875
0 0.08671875 0.56875 0.0109375 0.01796875
0 0.05703125 0.66171875 0.01640625 0.0234375
0 0.296875 0.13671875 0.0140625 0.02578125
0 0.26484375 0.1609375 0.02265625 0.02265625
0 0.06875 0.62890625 0.0578125 0.090625
0 0.12109375 0.6984375 0.0140625 0.01875
0 0.19609375 0.64765625 0.01953125 0.01796875
0 0.1234375 0.209375 0.03515625 0.04765625
0 0.2984375 0.18046875 0.01484375 0.01484375
0 0.05546875 0.95703125 0.015625 0.01796875
0 0.9421875 0.48359375 0.01875 0.02421875
0 0.275 0.18828125 0.0140625 0.0171875
0 0.88984375 0.72890625 0.0171875 0.02421875
0 0.17265625 0.66484375 0.01953125 0.01875
0 0.290625 0.1953125 0.0171875 0.0234375
0 0.86796875 0.6859375 0.01875 0.01953125
0 0.284375 0.178125 0.009375 0.015625
0 0.14140625 0.3984375 0.01640625 0.01796875
0 0.2765625 0.12890625 0.01484375 0.0234375
0 0.965625 0.15859375 0.02265625 0.01640625
0 0.43046875 0.1359375 0.02109375 0.0109375
0 0.35546875 0.11796875 0.0171875 0.0265625
0 0.11328125 0.2125 0.01484375 0.01171875
0 0.12265625 0.415625 0.0171875 0.01875
0 0.0953125 0.40390625 0.02265625 0.0421875
0 0.4734375 0.8234375 0.01171875 0.01875
0 0.340625 0.63828125 0.01875 0.01640625
0 0.05625 0.62265625 0.01953125 0.0234375
0 0.79375 0.33359375 0.01796875 0.0203125
0 0.621875 0.3640625 0.01484375 0.01875
0 0.625 0.22265625 0.08203125 0.084375
0 0.27890625 0.28046875 0.02890625 0.025
0 0.19296875 0.66015625 0.01796875 0.01953125
0 0.39921875 0.25234375 0.0203125 0.0296875
0 0.3234375 0.19609375 0.04140625 0.04921875
0 0.64296875 0.328125 0.02265625 0.03515625