0 0.57265625 0.56484375 0.02421875 0.0390625
0 0.64921875 0.29609375 0.015625 0.01953125
0 0.6265625 0.28203125 0.02890625 0.06328125
0 0.4390625 0.08828125 0.05 0.0578125
0 0.671875 0.14921875 0.040625 0.05859375
0 0.6671875 0.15390625 0.015625 0.0203125
0 0.60234375 0.05078125 0.0203125 0.025
0 0.79609375 0.04765625 0.01875 0.0296875
0 0.6921875 0.4875 0.0265625 0.0328125
0 0.5359375 0.07890625 0.0203125 0.02265625
0 0.33515625 0.325 0.01796875 0.025
0 0.3515625 0.34296875 0.07265625 0.0890625
0 0.63671875 0.11171875 0.02421875 0.01953125
0 0.865625 0.24140625 0.0296875 0.0359375
0 0.571875 0.30625 0.01484375 0.021875
0 0.4734375 0.5734375 0.01171875 0.02265625
0 0.62421875 0.28359375 0.0109375 0.01171875
0 0.53125 0.50703125 0.0265625 0.03359375
0 0.7328125 0.17265625 0.0203125 0.02578125
0 0.97265625 0.09765625 0.04609375 0.0671875
0 0.909375 0.0515625 0.01953125 0.0203125
0 0.6140625 0.353125 0.03828125 0.04453125
0 0.8453125 0.79609375 0.0296875 0.040625
0 0.628125 0.30078125 0.0625 0.11015625
0 0.9515625 0.7640625 0.03984375 0.034375
0 0.64765625 0.50859375 0.02109375 0.02578125
0 0.721875 0.94140625 0.025 0.03359375
0 0.89921875 0.84453125 0.02578125 0.0265625
0 0.75703125 0.75234375 0.02578125 0.03046875
0 0.8625 0.92578125 0.03046875 0.034375
0 0.64765625 0.609375 0.02890625 0.0359375
0 0.91015625 0.425 0.0171875 0.025
0 0.83984375 0.89375 0.025 0.02734375
0 0.68984375 0.49296875 0.009375 0.01171875
0 0.11484375 0.13203125 0.01953125 0.021875
0 0.778125 0.77109375 0.03203125 0.0390625
0 0.771875 0.85234375 0.0328125 0.0375
0 0.69921875 0.4796875 0.00859375 0.0125
0 0.7171875 0.25546875 0.03046875 0.0375
0 0.56484375 0.54921875 0.0125 0.01171875
0 0.646875 0.271875 0.009375 0.01171875
0 0.57890625 0.59375 0.01328125 0.01484375
0 0.6609375 0.0796875 0.01796875 0.021875
0 0.109375 0.146875 0.053125 0.0796875
0 0.4515625 0.0359375 0.01953125 0.0203125
0 0.66953125 0.43125 0.03046875 0.0328125
0 0.7203125 0.8421875 0.0265625 0.0375
0 0.15703125 0.24765625 0.0203125 0.0203125
0 0.15625 0.22109375 0.03046875 0.01953125
0 0.653125 0.75 0.02578125 0.03515625
0 0.62421875 0.30078125 0.00859375 0.01328125
0 0.12734375 0.2046875 0.03203125 0.0453125
0 0.75859375 0.984375 0.0265625 0.0265625
0 0.19765625 0.30703125 0.046875 0.059375
0 0.896875 0.65625 0.02890625 0.03515625
0 0.67265625 0.42109375 0.009375 0.0109375
0 0.86015625 0.23125 0.009375 0.0109375
0 0.93046875 0.9796875 0.03046875 0.03515625
0 0.103125 0.18046875 0.009375 0.01328125
0 0.05703125 0.04296875 0.0625 0.0828125
0 0.8890625 0.98359375 0.03125 0.03203125
0 0.73125 0.80390625 0.0125 0.01640625
0 0.33828125 0.59453125 0.0078125 0.0140625
0 0.7765625 0.5734375 0.01484375 0.01875
0 0.6109375 0.3625 0.0109375 0.01796875
0 0.7828125 0.57734375 0.01171875 0.01640625
0 0.025 0.36953125 0.05 0.06640625
0 0.76875 0.56953125 0.009375 0.0140625
0 0.24765625 0.50546875 0.0515625 0.05390625
0 0.36015625 0.61640625 0.03671875 0.04453125
0 0.1828125 0.07890625 0.1515625 0.1421875
0 0.040625 0.28359375 0.01328125 0.0171875
0 0.85859375 0.2453125 0.01015625 0.0140625
0 0.1875 0.3171875 0.00859375 0.0140625
0 0.2328125 0.4375 0.08125 0.0828125