0 0.1671875 0.29921875 0.03203125 0.0359375
0 0.61015625 0.12265625 0.02578125 0.03046875
0 0.2890625 0.5296875 0.0265625 0.03203125
0 0.4578125 0.20859375 0.040625 0.04140625
0 0.56171875 0.6484375 0.040625 0.053125
0 0.25546875 0.48203125 0.02890625 0.04140625
0 0.27578125 0.0921875 0.01171875 0.0140625
0 0.0484375 0.40625 0.03984375 0.05
0 0.946875 0.23125 0.03828125 0.0375
0 0.12109375 0.41796875 0.01953125 0.0234375
0 0.84609375 0.83125 0.02890625 0.02578125
0 0.290625 0.6234375 0.028125 0.03203125
0 0.2890625 0.1890625 0.06015625 0.08828125
0 0.928125 0.62109375 0.0171875 0.02265625
0 0.325 0.65546875 0.025 0.0234375
0 0.44765625 0.28984375 0.01640625 0.021875
0 0.1390625 0.08125 0.0203125 0.02109375
0 0.45 0.209375 0.0125 0.01484375
0 0.18125 0.6125 0.084375 0.11953125
0 0.27734375 0.76953125 0.025 0.0265625
0 0.04375 0.765625 0.02109375 0.03828125
0 0.11484375 0.7375 0.02265625 0.0234375
0 0.446875 0.2546875 0.01171875 0.0125
0 0.7828125 0.89765625 0.03671875 0.03671875
0 0.49375 0.4125 0.0125 0.0140625
0 0.36484375 0.63046875 0.02265625 0.02890625
0 0.315625 0.4140625 0.0109375 0.01796875
0 0.27890625 0.32421875 0.0140625 0.0234375
0 0.6171875 0.48359375 0.028125 0.03046875
0 0.0203125 0.628125 0.025 0.0328125
0 0.33671875 0.79921875 0.03828125 0.034375
0 0.1046875 0.303125 0.05078125 0.06640625
0 0.1015625 0.15625 0.02421875 0.03359375
0 0.42109375 0.7671875 0.0359375 0.04140625
0 0.37890625 0.54140625 0.0109375 0.01484375
0 0.2703125 0.35234375 0.0125 0.02578125
0 0.7171875 0.84296875 0.02734375 0.03046875
0 0.175 0.79609375 0.03515625 0.03515625
0 0.15859375 0.18203125 0.01640625 0.0171875
0 0.890625 0.47578125 0.02890625 0.03046875
0 0.128125 0.084375 0.01171875 0.0234375
0 0.43203125 0.33828125 0.00859375 0.015625
0 0.30546875 0.1546875 0.01328125 0.015625
0 0.29921875 0.40859375 0.0109375 0.015625
0 0.38359375 0.39453125 0.0109375 0.01328125
0 0.85625 0.721875 0.0171875 0.0140625
0 0.62734375 0.75546875 0.01875 0.0203125
0 0.29609375 0.80546875 0.02421875 0.021875
0 0.125 0.42109375 0.08671875 0.1578125
0 0.434375 0.328125 0.01171875 0.01015625
0 0.51796875 0.96171875 0.04453125 0.0625
0 0.48359375 0.56015625 0.01171875 0.0171875
0 0.52890625 0.02109375 0.0109375 0.0140625
0 0.0296875 0.62890625 0.05 0.090625
0 0.534375 0.0640625 0.01484375 0.01953125
0 0.74140625 0.8203125 0.0109375 0.01171875
0 0.046875 0.084375 0.00859375 0.01875
0 0.06171875 0.0875 0.009375 0.015625
0 0.59296875 0.54921875 0.01171875 0.01328125
0 0.96953125 0.40546875 0.01875 0.02109375
0 0.35859375 0.95078125 0.05546875 0.071875
0 0.515625 0.7515625 0.021875 0.0328125
0 0.03046875 0.42734375 0.0140625 0.01640625
0 0.525 0.2203125 0.0109375 0.01171875
0 0.94765625 0.22734375 0.021875 0.015625
0 0.50703125 0.2265625 0.0125 0.0140625
0 0.0546875 0.19921875 0.01015625 0.0125
0 0.33359375 0.66015625 0.0828125 0.0921875
0 0.03828125 0.28359375 0.07578125 0.10546875
0 0.41640625 0.6109375 0.01015625 0.01875
0 0.06953125 0.3953125 0.0140625 0.01875
0 0.49375 0.14609375 0.01015625 0.0140625
0 0.95625 0.490625 0.0125 0.02734375
0 0.2609375 0.46015625 0.0125 0.01484375
0 0.103125 0.46953125 0.01015625 0.015625
0 0.1625 0.603125 0.01171875 0.0140625
0 0.484375 0.93203125 0.01015625 0.015625
0 0.53125 0.01796875 0.0359375 0.03125
0 0.73359375 0.82421875 0.009375 0.009375
0 0.959375 0.634375 0.0125 0.01640625
0 0.79296875 0.784375 0.01171875 0.01328125
0 0.25390625 0.91796875 0.12421875 0.14609375
0 0.878125 0.4796875 0.01796875 0.01484375
0 0.62890625 0.7390625 0.01875 0.015625
0 0.246875 0.2140625 0.00703125 0.01640625
0 0.55078125 0.07421875 0.01484375 0.01640625
0 0.0625 0.38515625 0.01171875 0.01796875
0 0.7546875 0.90703125 0.0140625 0.015625
0 0.52578125 0.01640625 0.00859375 0.0125
0 0.02421875 0.6515625 0.0125 0.0171875
0 0.33671875 0.90390625 0.0109375 0.0171875
0 0.04609375 0.91875 0.015625 0.01953125
0 0.3359375 0.78671875 0.0171875 0.01875
0 0.41015625 0.81328125 0.01875 0.02109375
0 0.025 0.84609375 0.01953125 0.03125
0 0.92265625 0.37890625 0.01171875 0.01875
0 0.35703125 0.653125 0.01640625 0.0109375
0 0.375 0.7765625 0.02265625 0.03203125
0 0.26171875 0.05546875 0.01328125 0.0171875
0 0.5875 0.19765625 0.02109375 0.01328125
0 0.93203125 0.571875 0.00859375 0.0203125
0 0.17890625 0.6703125 0.009375 0.00859375
0 0.96796875 0.49296875 0.0390625 0.0453125
0 0.39453125 0.725 0.0328125 0.040625
0 0.05859375 0.2640625 0.02109375 0.02421875
0 0.1578125 0.92890625 0.0078125 0.009375
0 0.065625 0.19375 0.01015625 0.01796875
0 0.62265625 0.89765625 0.01015625 0.0125
0 0.7140625 0.9921875 0.015625 0.0140625
0 0.93046875 0.415625 0.01953125 0.0265625
0 0.64453125 0.79375 0.01328125 0.01171875
0 0.9078125 0.39375 0.0140625 0.0125
0 0.5984375 0.93203125 0.01328125 0.02734375
0 0.37265625 0.14375 0.0359375 0.03671875
0 0.02265625 0.9375 0.01171875 0.015625
0 0.02421875 0.96875 0.0078125 0.01171875
0 0.63359375 0.58359375 0.059375 0.0578125
0 0.46171875 0.54296875 0.01484375 0.03359375
0 0.46953125 0.465625 0.01640625 0.0140625
0 0.125 0.9921875 0.0109375 0.01328125
0 0.6828125 0.27109375 0.06640625 0.10078125
0 0.03046875 0.1375 0.03828125 0.03359375
0 0.10546875 0.14140625 0.0234375 0.021875
0 0.68359375 0.9828125 0.0359375 0.0328125