0 0.45390625 0.61875 0.02578125 0.02578125
0 0.35546875 0.16640625 0.01953125 0.025
0 0.47421875 0.15 0.01875 0.01484375
0 0.5484375 0.09296875 0.0234375 0.02890625
0 0.484375 0.15234375 0.01328125 0.01328125
0 0.23359375 0.86328125 0.02890625 0.04296875
0 0.6421875 0.2671875 0.0484375 0.06796875
0 0.434375 0.3578125 0.02421875 0.0265625
0 0.88984375 0.696875 0.04140625 0.05390625
0 0.36796875 0.27734375 0.0265625 0.03984375
0 0.27421875 0.06953125 0.0171875 0.02109375
0 0.3109375 0.38671875 0.03671875 0.04296875
0 0.590625 0.39921875 0.02421875 0.0296875
0 0.95546875 0.3359375 0.01875 0.02734375
0 0.203125 0.746875 0.015625 0.02734375
0 0.13671875 0.3984375 0.0125 0.01484375
0 0.46484375 0.55 0.01328125 0.0203125
0 0.43203125 0.728125 0.09140625 0.1296875
0 0.3296875 0.5421875 0.0359375 0.0484375
0 0.5796875 0.49296875 0.028125 0.03359375
0 0.5671875 0.61796875 0.03984375 0.05
0 0.7015625 0.04609375 0.040625 0.06015625
0 0.50546875 0.9140625 0.025 0.03515625
0 0.24609375 0.12734375 0.0140625 0.0171875
0 0.7578125 0.07578125 0.0203125 0.02578125
0 0.196875 0.1921875 0.01328125 0.01796875
0 0.7171875 0.37734375 0.05 0.04140625
0 0.8015625 0.46875 0.06484375 0.0921875
0 0.52265625 0.43984375 0.025 0.028125
0 0.49375 0.60859375 0.0140625 0.01484375
0 0.4234375 0.69375 0.01796875 0.0203125
0 0.73515625 0.35390625 0.03046875 0.03359375
0 0.203125 0.703125 0.015625 0.01640625
0 0.27421875 0.33046875 0.01484375 0.015625
0 0.2984375 0.2171875 0.01015625 0.01328125
0 0.72578125 0.628125 0.03671875 0.0515625
0 0.553125 0.4453125 0.03203125 0.034375
0 0.025 0.73203125 0.0203125 0.025
0 0.0296875 0.434375 0.025 0.025
0 0.3359375 0.38984375 0.01640625 0.02734375
0 0.51796875 0.7921875 0.03046875 0.0359375
0 0.8125 0.28984375 0.0296875 0.0296875
0 0.22109375 0.01953125 0.01875 0.01953125
0 0.3203125 0.52890625 0.01328125 0.0140625
0 0.5921875 0.5625 0.04140625 0.0484375
0 0.759375 0.53515625 0.0421875 0.06015625
0 0.54453125 0.0890625 0.01171875 0.0140625
0 0.3171875 0.36796875 0.0109375 0.0140625
0 0.9 0.9421875 0.03984375 0.0515625
0 0.271875 0.57109375 0.01015625 0.01484375
0 0.33046875 0.4 0.03359375 0.03984375
0 0.63515625 0.571875 0.034375 0.03828125
0 0.71796875 0.425 0.05703125 0.07578125
0 0.6203125 0.39609375 0.03671875 0.03359375
0 0.68984375 0.540625 0.0390625 0.0375
0 0.309375 0.696875 0.01640625 0.01328125
0 0.86171875 0.8234375 0.04296875 0.04453125
0 0.6875 0.5984375 0.040625 0.071875
0 0.0109375 0.6234375 0.01328125 0.0171875
0 0.3875 0.31796875 0.01171875 0.0140625
0 0.6953125 0.32890625 0.0328125 0.040625
0 0.18125 0.0078125 0.01171875 0.01328125
0 0.05078125 0.3875 0.01875 0.03359375
0 0.55546875 0.0578125 0.0140625 0.02890625
0 0.3296875 0.9234375 0.01171875 0.0140625
0 0.6 0.33984375 0.0125 0.01484375
0 0.78984375 0.08046875 0.01328125 0.0125
0 0.3015625 0.38828125 0.01328125 0.01953125
0 0.628125 0.728125 0.0328125 0.0359375
0 0.64921875 0.5984375 0.03984375 0.0578125
0 0.51171875 0.59453125 0.015625 0.0140625
0 0.065625 0.9015625 0.0109375 0.01640625
0 0.2375 0.94765625 0.01484375 0.0171875
0 0.70546875 0.4359375 0.02734375 0.03515625
0 0.78984375 0.59453125 0.04765625 0.05859375
0 0.51484375 0.7859375 0.01484375 0.01875
0 0.64609375 0.37578125 0.01171875 0.01640625
0 0.78046875 0.60234375 0.02109375 0.028125
0 0.79296875 0.72265625 0.01640625 0.015625
0 0.60859375 0.39296875 0.01875 0.01953125
0 0.84453125 0.5828125 0.01171875 0.0203125
0 0.76796875 0.05546875 0.0125 0.01953125
0 0.80546875 0.76171875 0.0125 0.015625
0 0.0421875 0.43671875 0.0625 0.1046875
0 0.334375 0.89765625 0.00859375 0.0171875
0 0.89296875 0.0125 0.0125 0.01640625
0 0.81328125 0.7359375 0.06875 0.08828125
0 0.7078125 0.303125 0.0109375 0.01640625
0 0.68046875 0.59140625 0.01953125 0.03125
0 0.81953125 0.65390625 0.05234375 0.046875
0 0.88203125 0.6921875 0.01015625 0.0125
0 0.81484375 0.91171875 0.015625 0.01796875
0 0.771875 0.07578125 0.01015625 0.0125
0 0.7953125 0.6796875 0.01171875 0.01640625
0 0.7515625 0.4625 0.0515625 0.0484375
0 0.75 0.52265625 0.00859375 0.0125
0 0.0375 0.46953125 0.01484375 0.0171875
0 0.65859375 0.534375 0.015625 0.01875
0 0.6921875 0.0359375 0.01484375 0.01171875
0 0.89609375 0.95 0.0140625 0.021875
0 0.81328125 0.1109375 0.1546875 0.1953125
0 0.784375 0.87890625 0.01015625 0.015625
0 0.6890625 0.321875 0.015625 0.0140625
0 0.871875 0.88359375 0.01484375 0.01953125
0 0.77265625 0.45859375 0.009375 0.01171875
0 0.93828125 0.96484375 0.01171875 0.01796875
0 0.796875 0.6421875 0.01953125 0.0265625
0 0.35859375 0.74453125 0.025 0.0328125
0 0.72734375 0.0890625 0.15 0.1625
0 0.753125 0.065625 0.01171875 0.0109375
0 0.77109375 0.43125 0.0078125 0.015625
0 0.8546875 0.8859375 0.01328125 0.01796875
0 0.95 0.9921875 0.015625 0.0125