0 0.290625 0.46953125 0.015625 0.015625
0 0.54375 0.62109375 0.04765625 0.0640625
0 0.171875 0.69921875 0.0296875 0.03359375
0 0.553125 0.75 0.0453125 0.0484375
0 0.58359375 0.37890625 0.0265625 0.025
0 0.57890625 0.321875 0.03828125 0.04296875
0 0.5375 0.62890625 0.01953125 0.01796875
0 0.1890625 0.2671875 0.06328125 0.0890625
0 0.26015625 0.2671875 0.03125 0.034375
0 0.03984375 0.25078125 0.02421875 0.0328125
0 0.01328125 0.478125 0.01953125 0.02421875
0 0.31171875 0.6109375 0.0359375 0.046875
0 0.0546875 0.75859375 0.028125 0.03203125
0 0.278125 0.28671875 0.01484375 0.0203125
0 0.59921875 0.69453125 0.04609375 0.0609375
0 0.21484375 0.140625 0.02734375 0.02578125
0 0.5140625 0.4703125 0.0140625 0.02109375
0 0.54375 0.0921875 0.0203125 0.01875
0 0.628125 0.14453125 0.03515625 0.046875
0 0.1640625 0.69375 0.01171875 0.0171875
0 0.51015625 0.11171875 0.0203125 0.0203125
0 0.09453125 0.02109375 0.02578125 0.03984375
0 0.1828125 0.92734375 0.034375 0.04765625
0 0.665625 0.1265625 0.0328125 0.03671875
0 0.0609375 0.15859375 0.01484375 0.01875
0 0.06875 0.121875 0.03203125 0.04140625
0 0.84921875 0.7 0.01640625 0.01953125
0 0.7234375 0.62578125 0.13125 0.19375
0 0.48125 0.12734375 0.0171875 0.01875
0 0.02421875 0.096875 0.02421875 0.03515625
0 0.05390625 0.41484375 0.03203125 0.04921875
0 0.09296875 0.28046875 0.02890625 0.0375
0 0.00859375 0.6109375 0.0171875 0.02890625
0 0.203125 0.1796875 0.03203125 0.034375
0 0.17890625 0.91796875 0.01640625 0.01875
0 0.0984375 0.05 0.01015625 0.0140625
0 0.0515625 0.88984375 0.0546875 0.05390625
0 0.975 0.1171875 0.0421875 0.065625
0 0.30234375 0.03828125 0.0203125 0.02421875
0 0.4796875 0.28828125 0.015625 0.01484375
0 0.05390625 0.30078125 0.01640625 0.01640625
0 0.68828125 0.51484375 0.01484375 0.021875
0 0.06328125 0.21484375 0.02890625 0.03984375
0 0.3125 0.21640625 0.01484375 0.015625
0 0.515625 0.8765625 0.01484375 0.01484375
0 0.7109375 0.61953125 0.01328125 0.015625
0 0.0890625 0.3015625 0.0140625 0.0140625
0 0.6765625 0.10625 0.01796875 0.021875
0 0.315625 0.2265625 0.015625 0.01640625
0 0.71328125 0.8046875 0.01640625 0.015625
0 0.034375 0.1796875 0.01484375 0.0171875
0 0.909375 0.12421875 0.0125 0.0171875
0 0.83203125 0.3625 0.02734375 0.0375
0 0.3875 0.12734375 0.02578125 0.034375
0 0.02890625 0.11015625 0.0421875 0.0734375
0 0.06328125 0.78828125 0.009375 0.01640625
0 0.5375 0.76015625 0.01796875 0.01796875
0 0.6984375 0.0671875 0.03828125 0.04140625
0 0.1140625 0.559375 0.01640625 0.015625
0 0.58515625 0.7 0.025 0.0203125
0 0.01953125 0.12109375 0.01015625 0.0125
0 0.0125 0.29140625 0.01328125 0.0125
0 0.978125 0.10078125 0.01640625 0.0328125
0 0.80625 0.18359375 0.09453125 0.0984375
0 0.06015625 0.19921875 0.01328125 0.021875
0 0.8046875 0.42890625 0.01171875 0.01328125
0 0.66484375 0.19375 0.0359375 0.0359375
0 0.790625 0.01484375 0.0109375 0.0140625
0 0.20703125 0.159375 0.01875 0.02109375
0 0.3625 0.23125 0.04453125 0.05234375
0 0.10390625 0.665625 0.0109375 0.0125
0 0.8140625 0.41484375 0.025 0.028125
0 0.4328125 0.90234375 0.0140625 0.015625
0 0.2453125 0.2515625 0.0171875 0.015625
0 0.66640625 0.1609375 0.021875 0.0265625
0 0.03828125 0.89140625 0.0171875 0.01640625
0 0.79453125 0.034375 0.07109375 0.06640625
0 0.365625 0.15703125 0.0171875 0.0171875
0 0.42421875 0.16953125 0.0203125 0.02421875
0 0.790625 0.2015625 0.01015625 0.015625
0 0.53828125 0.82734375 0.01640625 0.0265625
0 0.00625 0.72109375 0.0125 0.01328125
0 0.1140625 0.88359375 0.01875 0.01875
0 0.178125 0.0109375 0.0109375 0.01171875
0 0.46015625 0.9375 0.01328125 0.0140625
0 0.41328125 0.98828125 0.0171875 0.01875
0 0.971875 0.23828125 0.01875 0.01953125
0 0.39765625 0.15234375 0.021875 0.0203125
0 0.6828125 0.1890625 0.0171875 0.02265625
0 0.903125 0.06015625 0.01875 0.025
0 0.6921875 0.8984375 0.0140625 0.01796875
0 0.45 0.07578125 0.01796875 0.01796875
0 0.4328125 0.1625 0.01015625 0.0140625
0 0.9859375 0.88671875 0.01015625 0.0140625
0 0.8171875 0.37734375 0.01640625 0.01796875
0 0.290625 0.23984375 0.09609375 0.1140625
0 0.2734375 0.34765625 0.0484375 0.05546875
0 0.62109375 0.1609375 0.0125 0.01328125
0 0.7390625 0.02578125 0.04375 0.0421875
0 0.8359375 0.3125 0.01328125 0.01953125
0 0.91328125 0.0390625 0.01484375 0.02578125
0 0.98203125 0.0109375 0.021875 0.01953125
0 0.0875 0.7765625 0.01015625 0.0125
0 0.77421875 0.96015625 0.01484375 0.03046875
0 0.77265625 0.08515625 0.01328125 0.01640625
0 0.5890625 0.29296875 0.1296875 0.184375
0 0.6109375 0.02109375 0.046875 0.04140625
0 0.42109375 0.6484375 0.015625 0.01875
0 0.6203125 0.06171875 0.01484375 0.01640625
0 0.3859375 0.7484375 0.03515625 0.0484375
0 0.153125 0.68125 0.00625 0.01875
0 0.9390625 0.04296875 0.015625 0.01796875
0 0.321875 0.41640625 0.18125 0.19453125