0 0.275 0.3359375 0.0328125 0.04453125
0 0.271875 0.67734375 0.025 0.02734375
0 0.284375 0.47890625 0.0171875 0.0234375
0 0.2921875 0.2671875 0.05078125 0.05546875
0 0.27109375 0.33203125 0.01171875 0.01328125
0 0.6859375 0.09921875 0.03828125 0.05078125
0 0.396875 0.43359375 0.059375 0.0671875
0 0.2 0.8796875 0.01953125 0.02265625
0 0.38046875 0.2984375 0.02265625 0.0203125
0 0.28515625 0.25703125 0.0203125 0.0234375
0 0.646875 0.08203125 0.0296875 0.03828125
0 0.7765625 0.8 0.04921875 0.05
0 0.428125 0.41171875 0.01171875 0.0140625
0 0.28671875 0.3234375 0.090625 0.121875
0 0.96328125 0.61796875 0.06328125 0.06015625
0 0.128125 0.7328125 0.00859375 0.01171875
0 0.88984375 0.50625 0.04296875 0.04765625
0 0.5671875 0.28671875 0.01640625 0.01953125
0 0.5390625 0.44453125 0.1 0.1203125
0 0.6296875 0.80390625 0.04296875 0.040625
0 0.15390625 0.125 0.0125 0.02578125
0 0.28359375 0.67890625 0.059375 0.06796875
0 0.9703125 0.81875 0.02890625 0.03046875
0 0.43515625 0.284375 0.01484375 0.0171875
0 0.93828125 0.89375 0.02265625 0.021875
0 0.74765625 0.10859375 0.04140625 0.053125
0 0.94140625 0.8234375 0.03515625 0.0328125
0 0.0515625 0.2859375 0.0140625 0.02265625
0 0.8984375 0.7328125 0.046875 0.0671875
0 0.65234375 0.9609375 0.03359375 0.0359375
0 0.59609375 0.4140625 0.01875 0.01875
0 0.0953125 0.3328125 0.0390625 0.0453125
0 0.415625 0.15 0.02265625 0.02890625
0 0.0765625 0.13515625 0.01640625 0.021875
0 0.9703125 0.184375 0.0203125 0.02578125
0 0.44375 0.13125 0.04140625 0.05
0 0.92265625 0.15546875 0.040625 0.053125
0 0.74375 0.88203125 0.01953125 0.01875
0 0.78046875 0.78671875 0.01328125 0.01484375
0 0.42890625 0.1328125 0.01796875 0.01953125
0 0.74375 0.90078125 0.0125 0.01640625
0 0.95625 0.61015625 0.01484375 0.01484375
0 0.30625 0.25390625 0.009375 0.0125
0 0.94375 0.91015625 0.04921875 0.0578125
0 0.18515625 0.10390625 0.0125 0.01328125
0 0.853125 0.27265625 0.03359375 0.0234375
0 0.12109375 0.25703125 0.01015625 0.0140625
0 0.9265625 0.5984375 0.01796875 0.0140625
0 0.04921875 0.44296875 0.01171875 0.0140625
0 0.05390625 0.846875 0.01640625 0.01953125
0 0.9828125 0.209375 0.015625 0.01953125
0 0.87734375 0.09453125 0.0125 0.01171875
0 0.26015625 0.74296875 0.16796875 0.21953125
0 0.46171875 0.1078125 0.01171875 0.0140625
0 0.7640625 0.8109375 0.01484375 0.0140625
0 0.1015625 0.2984375 0.01015625 0.0140625
0 0.88359375 0.58359375 0.02265625 0.02890625
0 0.9890625 0.3421875 0.02109375 0.03671875
0 0.45703125 0.30078125 0.0203125 0.034375
0 0.896875 0.7046875 0.0109375 0.01328125
0 0.69609375 0.68203125 0.021875 0.02421875
0 0.0515625 0.31171875 0.05625 0.07890625
0 0.91796875 0.11875 0.01015625 0.01875
0 0.69609375 0.6578125 0.01328125 0.0125
0 0.846875 0.58203125 0.015625 0.0171875
0 0.425 0.17578125 0.01953125 0.021875
0 0.06484375 0.9203125 0.06171875 0.0875
0 0.94921875 0.0640625 0.0125 0.01484375
0 0.67890625 0.95390625 0.01171875 0.015625
0 0.0234375 0.3875 0.01015625 0.015625
0 0.99453125 0.734375 0.0109375 0.0234375
0 0.896875 0.965625 0.0578125 0.059375
0 0.95 0.2375 0.0109375 0.01328125
0 0.75625 0.91796875 0.01953125 0.0203125
0 0.475 0.28046875 0.01640625 0.01875
0 0.78515625 0.115625 0.0109375 0.01640625
0 0.046875 0.5265625 0.02109375 0.02109375
0 0.6546875 0.9546875 0.01796875 0.01484375
0 0.053125 0.18125 0.01015625 0.0125
0 0.4390625 0.10859375 0.01171875 0.0171875
0 0.73203125 0.0828125 0.01796875 0.01796875
0 0.9046875 0.16875 0.021875 0.01640625
0 0.00859375 0.1921875 0.0140625 0.01328125
0 0.05703125 0.93125 0.03359375 0.03515625
0 0.0640625 0.87421875 0.01015625 0.01328125
0 0.59296875 0.60859375 0.009375 0.01875
0 0.2921875 0.49609375 0.00625 0.01484375
0 0.44375 0.246875 0.0109375 0.0203125
0 0.8859375 0.965625 0.0265625 0.03359375
0 0.75 0.35390625 0.009375 0.01875
0 0.81171875 0.0828125 0.06953125 0.07578125
0 0.10625 0.7015625 0.0109375 0.009375
0 0.80390625 0.19921875 0.01796875 0.01875
0 0.89140625 0.9546875 0.0109375 0.0140625
0 0.965625 0.51640625 0.01484375 0.0109375
0 0.8953125 0.4859375 0.00703125 0.0125
0 0.6296875 0.4640625 0.13984375 0.2015625
0 0.1890625 0.89375 0.00703125 0.02265625
0 0.86171875 0.56640625 0.01328125 0.01640625
0 0.97578125 0.3578125 0.04765625 0.09296875
0 0.87890625 0.08515625 0.015625 0.01953125
0 0.33203125 0.60390625 0.009375 0.0140625
0 0.25234375 0.82265625 0.0359375 0.03515625
0 0.4578125 0.240625 0.009375 0.0140625
0 0.85859375 0.2875 0.01640625 0.028125
0 0.85234375 0.2515625 0.01328125 0.01796875
0 0.534375 0.58828125 0.0125 0.01640625
0 0.9953125 0.51171875 0.009375 0.01328125
0 0.82890625 0.04140625 0.034375 0.0390625
0 0.0359375 0.0640625 0.00703125 0.01484375
0 0.04296875 0.921875 0.009375 0.01328125
0 0.75703125 0.21171875 0.01015625 0.015625
0 0.940625 0.1375 0.01796875 0.02421875
0 0.42265625 0.62109375 0.1859375 0.26015625
0 0.4984375 0.21015625 0.0453125 0.0453125
0 0.86328125 0.25078125 0.01328125 0.01484375
0 0.9625 0.3640625 0.01796875 0.01328125
0 0.075 0.446875 0.0265625 0.02421875
0 0.99375 0.334375 0.0125 0.0265625
0 0.3265625 0.90625 0.21796875 0.1765625