0 0.39453125 0.1953125 0.0265625 0.03671875
0 0.3609375 0.1671875 0.04453125 0.0671875
0 0.72265625 0.23671875 0.04375 0.0609375
0 0.68125 0.534375 0.03203125 0.03828125
0 0.2578125 0.3953125 0.02109375 0.0265625
0 0.5203125 0.80546875 0.028125 0.025
0 0.44375 0.10625 0.03046875 0.03828125
0 0.53203125 0.71484375 0.02890625 0.02265625
0 0.5875 0.9078125 0.03515625 0.0390625
0 0.11953125 0.625 0.05546875 0.06171875
0 0.8 0.89140625 0.01875 0.028125
0 0.58125 0.5203125 0.03828125 0.04765625
0 0.37734375 0.3984375 0.01796875 0.02109375
0 0.94453125 0.1921875 0.0171875 0.01640625
0 0.46171875 0.8140625 0.03359375 0.03828125
0 0.5046875 0.2578125 0.040625 0.03046875
0 0.57890625 0.4078125 0.021875 0.02578125
0 0.2109375 0.49296875 0.05703125 0.075
0 0.1578125 0.15234375 0.0453125 0.06328125
0 0.72578125 0.3671875 0.034375 0.03125
0 0.05546875 0.175 0.01328125 0.021875
0 0.1703125 0.51640625 0.04140625 0.05859375
0 0.49375 0.14765625 0.0234375 0.04140625
0 0.534375 0.3359375 0.04765625 0.06875
0 0.5109375 0.53046875 0.02109375 0.02890625
0 0.36953125 0.63046875 0.01796875 0.0171875
0 0.553125 0.18984375 0.05859375 0.075
0 0.86640625 0.5609375 0.01875 0.01640625
0 0.87578125 0.9125 0.0515625 0.0625
0 0.55546875 0.42265625 0.0265625 0.03203125
0 0.7453125 0.20234375 0.0234375 0.025
0 0.634375 0.3515625 0.0453125 0.05234375
0 0.1109375 0.30703125 0.071875 0.08515625
0 0.06328125 0.16875 0.0390625 0.08203125
0 0.865625 0.20234375 0.04453125 0.0765625
0 0.375 0.48828125 0.04765625 0.05546875
0 0.68203125 0.76875 0.01640625 0.01796875
0 0.61015625 0.778125 0.06640625 0.07265625
0 0.98515625 0.3796875 0.02890625 0.05
0 0.821875 0.79453125 0.07109375 0.15234375
0 0.684375 0.03046875 0.01875 0.02421875
0 0.58203125 0.03828125 0.04140625 0.05546875
0 0.85 0.31171875 0.015625 0.0171875
0 0.15234375 0.28828125 0.065625 0.0796875
0 0.35078125 0.08046875 0.01640625 0.0203125
0 0.80078125 0.65234375 0.0140625 0.0140625
0 0.92265625 0.284375 0.0484375 0.065625
0 0.2140625 0.1578125 0.05234375 0.06484375
0 0.784375 0.10546875 0.04609375 0.08125
0 0.85 0.25234375 0.0203125 0.01875
0 0.49296875 0.04375 0.08359375 0.084375
0 0.79921875 0.86796875 0.025 0.03046875
0 0.4703125 0.61328125 0.0125 0.01796875
0 0.27265625 0.55390625 0.0140625 0.0140625
0 0.725 0.096875 0.04296875 0.0703125
0 0.11171875 0.1546875 0.06328125 0.08515625
0 0.4359375 0.94453125 0.0875 0.096875
0 0.634375 0.5890625 0.0296875 0.034375
0 0.04921875 0.70546875 0.05234375 0.046875
0 0.15 0.71640625 0.06328125 0.08203125
0 0.4859375 0.25546875 0.01953125 0.01796875
0 0.14609375 0.0140625 0.025 0.02734375
0 0.93046875 0.4109375 0.01640625 0.01328125
0 0.6390625 0.61484375 0.0265625 0.03203125
0 0.21796875 0.2734375 0.0109375 0.01328125
0 0.5921875 0.75625 0.015625 0.01875
0 0.11875 0.5265625 0.021875 0.0265625
0 0.76171875 0.8390625 0.0109375 0.01328125
0 0.359375 0.146875 0.0109375 0.0171875
0 0.62421875 0.36015625 0.01484375 0.021875
0 0.1421875 0.2703125 0.0109375 0.0140625
0 0.5203125 0.24921875 0.0203125 0.01875
0 0.57734375 0.0171875 0.0203125 0.02421875
0 0.82890625 0.33671875 0.015625 0.0140625
0 0.021875 0.46015625 0.0375 0.0640625
0 0.25625 0.4140625 0.01328125 0.025
0 0.05390625 0.1921875 0.0140625 0.03203125
0 0.07890625 0.91796875 0.059375 0.0890625
0 0.090625 0.14296875 0.0328125 0.03671875
0 0.678125 0.7453125 0.0125 0.01640625
0 0.44140625 0.37109375 0.0234375 0.021875
0 0.6765625 0.0359375 0.015625 0.015625
0 0.2265625 0.96953125 0.059375 0.059375
0 0.053125 0.5203125 0.04375 0.046875
0 0.4546875 0.0359375 0.01171875 0.015625
0 0.621875 0.09765625 0.0140625 0.01328125
0 0.44375 0.40859375 0.0671875 0.0828125
0 0.68125 0.51796875 0.0109375 0.0171875
0 0.98203125 0.52421875 0.0359375 0.05625
0 0.509375 0.025 0.01484375 0.02109375
0 0.51015625 0.040625 0.0140625 0.01484375
0 0.66328125 0.1609375 0.01171875 0.015625
0 0.23046875 0.2984375 0.05625 0.0734375
0 0.18359375 0.2640625 0.01875 0.015625
0 0.16484375 0.52421875 0.01796875 0.02734375
0 0.19296875 0.05 0.09609375 0.09375
0 0.08203125 0.32734375 0.01640625 0.015625
0 0.64140625 0.3421875 0.01640625 0.02734375
0 0.03359375 0.59375 0.01484375 0.0125
0 0.64765625 0.2875 0.025 0.01640625
0 0.70546875 0.046875 0.01328125 0.01484375
0 0.45390625 0.2203125 0.0125 0.0140625
0 0.61015625 0.1140625 0.0109375 0.01484375
0 0.759375 0.06015625 0.0125 0.01484375
0 0.178125 0.06640625 0.00859375 0.01875
0 0.1875 0.04921875 0.0125 0.01640625
0 0.803125 0.07578125 0.0109375 0.0203125
0 0.13515625 0.29453125 0.015625 0.01328125
0 0.240625 0.7703125 0.18125 0.215625
0 0.703125 0.30234375 0.01484375 0.01328125
0 0.48203125 0.18359375 0.01484375 0.01328125
0 0.15546875 0.68984375 0.01484375 0.0140625
0 0.7796875 0.12734375 0.0140625 0.021875
0 0.034375 0.43984375 0.01875 0.01328125
0 0.4546875 0.36875 0.01171875 0.01875
0 0.02109375 0.30078125 0.0421875 0.103125
0 0.0625 0.47578125 0.01328125 0.021875
0 0.95625 0.07421875 0.01171875 0.0109375
0 0.0671875 0.15 0.0125 0.0125
0 0.2265625 0.96015625 0.01015625 0.01484375
0 0.721875 0.04453125 0.01875 0.0171875
0 0.77421875 0.44765625 0.0515625 0.06171875
0 0.8078125 0.74921875 0.009375 0.015625
0 0.2046875 0.97421875 0.01328125 0.0125
0 0.8734375 0.540625 0.02734375 0.02890625