0 0.9875 0.06328125 0.025 0.03359375
0 0.3578125 0.04453125 0.0484375 0.078125
0 0.94375 0.23515625 0.0265625 0.0359375
0 0.53203125 0.0359375 0.040625 0.04921875
0 0.828125 0.19296875 0.0265625 0.03671875
0 0.95234375 0.2734375 0.03671875 0.05
0 0.1015625 0.0703125 0.02578125 0.02421875
0 0.88203125 0.090625 0.02578125 0.034375
0 0.89765625 0.221875 0.02734375 0.03046875
0 0.0859375 0.4984375 0.04765625 0.06015625
0 0.3 0.05390625 0.053125 0.0734375
0 0.7375 0.2265625 0.02890625 0.03671875
0 0.025 0.1828125 0.0328125 0.0421875
0 0.28828125 0.13203125 0.04765625 0.05078125
0 0.09921875 0.44921875 0.06171875 0.08515625
0 0.15234375 0.13984375 0.05546875 0.06171875
0 0.4125 0.09296875 0.03671875 0.0453125
0 0.88828125 0.309375 0.05625 0.0609375
0 0.940625 0.6078125 0.040625 0.05078125
0 0.02109375 0.31328125 0.0390625 0.05546875
0 0.903125 0.15234375 0.03203125 0.0390625
0 0.12109375 0.41796875 0.028125 0.03671875
0 0.52421875 0.55859375 0.09921875 0.08515625
0 0.05390625 0.609375 0.04296875 0.0703125
0 0.21953125 0.25546875 0.06796875 0.084375
0 0.90234375 0.39921875 0.06015625 0.075