0 0.54765625 0.1234375 0.02109375 0.02890625
0 0.55546875 0.06484375 0.0125 0.01640625
0 0.28984375 0.07109375 0.01484375 0.0171875
0 0.25234375 0.465625 0.0234375 0.028125
0 0.46953125 0.49921875 0.0296875 0.03046875
0 0.459375 0.50078125 0.0171875 0.01953125
0 0.50546875 0.14609375 0.0203125 0.0234375
0 0.25078125 0.06796875 0.01328125 0.015625
0 0.3921875 0.74921875 0.0375 0.04921875
0 0.58671875 0.65234375 0.01015625 0.01484375
0 0.28671875 0.37890625 0.0125 0.015625
0 0.09140625 0.096875 0.01171875 0.015625
0 0.1765625 0.45859375 0.0171875 0.01796875
0 0.134375 0.09140625 0.02109375 0.01875
0 0.2109375 0.07890625 0.03984375 0.04765625
0 0.1046875 0.21953125 0.015625 0.0171875
0 0.14453125 0.08359375 0.0171875 0.0234375
0 0.18359375 0.06484375 0.01796875 0.0171875
0 0.096875 0.25078125 0.0125 0.01328125
0 0.8703125 0.1765625 0.015625 0.01796875
0 0.09609375 0.2765625 0.01640625 0.01640625
0 0.0328125 0.05546875 0.0140625 0.01640625
0 0.4296875 0.14140625 0.01328125 0.01875
0 0.10078125 0.2625 0.0390625 0.05390625
0 0.15 0.75078125 0.01796875 0.01953125
0 0.74375 0.1015625 0.01015625 0.01328125
0 0.0765625 0.0671875 0.00859375 0.0125
0 0.61640625 0.0734375 0.01015625 0.01328125
0 0.5671875 0.07421875 0.05078125 0.06328125
0 0.65390625 0.52421875 0.009375 0.0125
0 0.75625 0.2046875 0.01640625 0.0234375
0 0.03515625 0.46875 0.009375 0.0125
0 0.415625 0.0359375 0.0703125 0.0609375
0 0.1375 0.31875 0.01015625 0.0125
0 0.29609375 0.07265625 0.01171875 0.01171875
0 0.64453125 0.3375 0.02578125 0.02578125
0 0.0875 0.77421875 0.01484375 0.01796875
0 0.7609375 0.1203125 0.01328125 0.015625
0 0.49453125 0.5890625 0.01015625 0.0109375
0 0.1484375 0.42890625 0.0140625 0.0171875
0 0.58046875 0.4859375 0.009375 0.01171875
0 0.81953125 0.009375 0.01796875 0.0171875
0 0.0671875 0.83125 0.02421875 0.0328125
0 0.134375 0.22109375 0.015625 0.01171875
0 0.8484375 0.65625 0.00859375 0.01171875
0 0.86015625 0.69453125 0.01015625 0.0125
0 0.5828125 0.19765625 0.028125 0.02734375
0 0.440625 0.7171875 0.021875 0.02734375
0 0.06171875 0.46328125 0.009375 0.0125
0 0.1359375 0.35546875 0.01171875 0.01328125
0 0.2046875 0.43046875 0.00859375 0.009375
0 0.31484375 0.046875 0.01015625 0.01015625
0 0.0640625 0.38125 0.0109375 0.0140625
0 0.21796875 0.9453125 0.01796875 0.01875
0 0.0078125 0.62109375 0.0125 0.0140625
0 0.0890625 0.78828125 0.0171875 0.02109375
0 0.8078125 0.56640625 0.0078125 0.01171875
0 0.0140625 0.69375 0.0140625 0.01328125
0 0.3875 0.76640625 0.01953125 0.021875
0 0.82578125 0.5125 0.0109375 0.01171875
0 0.1390625 0.37109375 0.0265625 0.03515625
0 0.00859375 0.29765625 0.01640625 0.0171875
0 0.04140625 0.1046875 0.01328125 0.01796875
0 0.65390625 0.05546875 0.0109375 0.01328125
0 0.09453125 0.15390625 0.01015625 0.01328125
0 0.0796875 0.859375 0.0140625 0.01953125
0 0.4515625 0.26875 0.0140625 0.02109375
0 0.35859375 0.4109375 0.01015625 0.01328125
0 0.0375 0.0140625 0.01328125 0.015625
0 0.24765625 0.14921875 0.01171875 0.0125
0 0.4859375 0.725 0.01875 0.01953125
0 0.81875 0.21953125 0.01171875 0.01484375
0 0.15 0.86640625 0.02109375 0.02109375
0 0.571875 0.75390625 0.021875 0.02265625
0 0.9484375 0.353125 0.0125 0.0140625
0 0.8328125 0.6734375 0.00859375 0.01171875
0 0.14609375 0.63671875 0.0203125 0.028125
0 0.4015625 0.55078125 0.009375 0.0125
0 0.390625 0.22109375 0.01171875 0.0140625
0 0.01328125 0.6296875 0.0265625 0.0328125
0 0.60703125 0.6171875 0.1015625 0.13984375
0 0.66953125 0.30546875 0.01484375 0.02265625
0 0.0609375 0.95 0.015625 0.0171875
0 0.15546875 0.87734375 0.01328125 0.0171875
0 0.9140625 0.7640625 0.00859375 0.0109375
0 0.9515625 0.40859375 0.084375 0.1265625
0 0.140625 0.8921875 0.0109375 0.0140625
0 0.63359375 0.79609375 0.01640625 0.01953125
0 0.24765625 0.32109375 0.00859375 0.01171875
0 0.13984375 0.36328125 0.015625 0.0140625
0 0.95390625 0.09609375 0.0109375 0.01171875
0 0.52421875 0.92109375 0.01875 0.0203125
0 0.51171875 0.8515625 0.0125 0.015625
0 0.8328125 0.309375 0.01328125 0.01875
0 0.58671875 0.6453125 0.00859375 0.009375
0 0.26171875 0.62890625 0.00703125 0.0109375
0 0.8703125 0.5640625 0.00859375 0.01171875
0 0.82890625 0.42421875 0.01171875 0.01328125
0 0.0734375 0.353125 0.01796875 0.01953125
0 0.35859375 0.88671875 0.01015625 0.0125
0 0.9359375 0.88828125 0.01796875 0.021875
0 0.52734375 0.42109375 0.00859375 0.0203125
0 0.9421875 0.64296875 0.01171875 0.0140625
0 0.159375 0.778125 0.02109375 0.01484375
0 0.1546875 0.60546875 0.0125 0.0140625
0 0.51875 0.83046875 0.01171875 0.01484375
0 0.915625 0.06328125 0.00703125 0.009375
0 0.609375 0.96953125 0.01171875 0.01484375
0 0.9484375 0.41953125 0.0078125 0.01171875
0 0.6578125 0.3578125 0.00859375 0.01015625
0 0.04921875 0.6296875 0.090625 0.0765625
0 0.36328125 0.63671875 0.0078125 0.01328125
0 0.94375 0.37109375 0.021875 0.01796875
0 0.73359375 0.56484375 0.03046875 0.028125
0 0.009375 0.97421875 0.01875 0.0296875
0 0.596875 0.253125 0.0703125 0.06796875
0 0.9046875 0.2640625 0.0171875 0.01875
0 0.553125 0.2109375 0.0140625 0.01640625
0 0.653125 0.91171875 0.009375 0.0125
0 0.5171875 0.8375 0.0265625 0.0296875
0 0.49140625 0.51484375 0.096875 0.08125