0 0.86640625 0.19609375 0.02421875 0.03203125
0 0.16796875 0.3421875 0.015625 0.01796875
0 0.184375 0.38203125 0.03046875 0.0328125
0 0.48046875 0.16015625 0.025 0.03828125
0 0.12421875 0.35546875 0.04140625 0.0515625
0 0.25859375 0.26640625 0.0296875 0.0265625
0 0.03984375 0.15625 0.0171875 0.0203125
0 0.6765625 0.4859375 0.04140625 0.04609375
0 0.23984375 0.10234375 0.0328125 0.0359375
0 0.27109375 0.496875 0.040625 0.05078125
0 0.3265625 0.05078125 0.02109375 0.025
0 0.3890625 0.44921875 0.0125 0.0125
0 0.34375 0.34609375 0.0109375 0.01171875
0 0.8171875 0.8140625 0.0140625 0.01484375
0 0.84921875 0.3828125 0.01171875 0.0125
0 0.109375 0.0171875 0.02734375 0.03359375
0 0.1234375 0.090625 0.02890625 0.0203125
0 0.82421875 0.37265625 0.0140625 0.01328125
0 0.30859375 0.28671875 0.0109375 0.0140625
0 0.9734375 0.2359375 0.04375 0.046875
0 0.28046875 0.4203125 0.025 0.02890625
0 0.26796875 0.58125 0.0265625 0.03125
0 0.13125 0.4890625 0.0109375 0.01484375
0 0.19453125 0.446875 0.0390625 0.06796875
0 0.17421875 0.234375 0.0109375 0.0125
0 0.20859375 0.54609375 0.0265625 0.02890625
0 0.1828125 0.01484375 0.01875 0.02734375
0 0.51171875 0.08125 0.01796875 0.01953125
0 0.17265625 0.6109375 0.028125 0.01875
0 0.34375 0.21640625 0.01171875 0.01015625
0 0.259375 0.59140625 0.028125 0.03125
0 0.8953125 0.75859375 0.00859375 0.0125
0 0.90546875 0.2328125 0.01875 0.02109375
0 0.36796875 0.62421875 0.025 0.02578125
0 0.35859375 0.21484375 0.0375 0.0453125
0 0.44375 0.46953125 0.0171875 0.01953125
0 0.05390625 0.22421875 0.0390625 0.046875
0 0.675 0.48828125 0.009375 0.0109375
0 0.26953125 0.55 0.021875 0.03046875
0 0.3578125 0.28046875 0.01328125 0.015625
0 0.97890625 0.175 0.04140625 0.0546875
0 0.6171875 0.3890625 0.0171875 0.0171875
0 0.1234375 0.80546875 0.0171875 0.01875
0 0.20390625 0.85078125 0.021875 0.02109375
0 0.09921875 0.6453125 0.028125 0.03984375
0 0.35859375 0.203125 0.009375 0.015625
0 0.25078125 0.5828125 0.0109375 0.01640625
0 0.31796875 0.0828125 0.0078125 0.01328125
0 0.09609375 0.61328125 0.0234375 0.025
0 0.1171875 0.115625 0.0125 0.01328125
0 0.34296875 0.6234375 0.01015625 0.01171875
0 0.6609375 0.3984375 0.00859375 0.01015625
0 0.2609375 0.74453125 0.01171875 0.01328125
0 0.37890625 0.0578125 0.12421875 0.1078125
0 0.37890625 0.61953125 0.00859375 0.01171875
0 0.83046875 0.2125 0.03203125 0.0359375
0 0.64296875 0.54765625 0.01171875 0.0125
0 0.4515625 0.61484375 0.01875 0.01875
0 0.21015625 0.98046875 0.0109375 0.015625
0 0.24375 0.090625 0.0078125 0.01015625
0 0.42890625 0.19765625 0.01875 0.0265625
0 0.5359375 0.11484375 0.021875 0.01875
0 0.07734375 0.0984375 0.009375 0.01015625
0 0.38671875 0.61640625 0.02578125 0.04921875
0 0.9 0.74296875 0.01796875 0.01328125
0 0.1984375 0.85859375 0.03984375 0.0453125
0 0.51875 0.60078125 0.159375 0.234375
0 0.10234375 0.76796875 0.009375 0.0125
0 0.1125 0.63515625 0.0109375 0.0125
0 0.13359375 0.48359375 0.040625 0.04921875
0 0.1921875 0.46328125 0.00703125 0.01796875
0 0.70234375 0.46015625 0.0109375 0.0078125
0 0.296875 0.94140625 0.00859375 0.0109375
0 0.12734375 0.8234375 0.05 0.059375
0 0.396875 0.34375 0.0078125 0.01171875
0 0.1703125 0.11640625 0.00703125 0.0140625
0 0.1234375 0.8359375 0.0171875 0.01796875
0 0.5125 0.9375 0.01875 0.021875
0 0.59296875 0.5609375 0.0484375 0.0453125
0 0.71640625 0.06484375 0.09765625 0.115625
0 0.43828125 0.61875 0.0515625 0.0828125
0 0.57890625 0.8171875 0.0234375 0.0484375
0 0.77109375 0.49921875 0.19375 0.22109375
0 0.1109375 0.67109375 0.034375 0.03359375
0 0.84296875 0.16328125 0.009375 0.0125
0 0.12421875 0.12578125 0.05546875 0.09609375
0 0.4421875 0.58984375 0.01328125 0.01875
0 0.4609375 0.7921875 0.109375 0.14765625
0 0.665625 0.68984375 0.02265625 0.03359375
0 0.55859375 0.115625 0.15703125 0.21328125
0 0.29921875 0.72421875 0.02265625 0.03125
0 0.26953125 0.73984375 0.0515625 0.0453125
0 0.3609375 0.83984375 0.0171875 0.021875
0 0.92265625 0.37421875 0.1546875 0.26875
0 0.7078125 0.80390625 0.02265625 0.0265625
0 0.32578125 0.1828125 0.01875 0.01796875