0 0.596875 0.64609375 0.0375 0.0375
0 0.18515625 0.06015625 0.0171875 0.028125
0 0.1828125 0.69296875 0.0515625 0.07265625
0 0.2984375 0.38671875 0.04296875 0.05
0 0.81015625 0.87421875 0.04296875 0.0609375
0 0.30703125 0.45625 0.06171875 0.071875
0 0.29921875 0.465625 0.01796875 0.015625
0 0.2609375 0.6859375 0.025 0.034375
0 0.08046875 0.30546875 0.02578125 0.02890625
0 0.684375 0.25 0.04296875 0.0421875
0 0.41875 0.76484375 0.028125 0.04140625
0 0.17265625 0.075 0.08671875 0.11328125
0 0.46328125 0.20625 0.01953125 0.01796875
0 0.4671875 0.93671875 0.03203125 0.0390625
0 0.4671875 0.13203125 0.0125 0.01640625
0 0.65546875 0.08515625 0.0109375 0.0125
0 0.5078125 0.2140625 0.01171875 0.01484375
0 0.7265625 0.0203125 0.05078125 0.03828125
0 0.82421875 0.0203125 0.03828125 0.01796875
0 0.24140625 0.2421875 0.053125 0.06328125
0 0.1859375 0.48984375 0.02578125 0.02578125
0 0.8578125 0.2890625 0.01640625 0.0296875
0 0.41171875 0.6921875 0.0109375 0.01484375
0 0.509375 0.01875 0.01953125 0.01328125
0 0.18828125 0.40234375 0.009375 0.01484375
0 0.03671875 0.8828125 0.04765625 0.03984375
0 0.2921875 0.38828125 0.01953125 0.01640625
0 0.23671875 0.2328125 0.01015625 0.02734375
0 0.221875 0.2375 0.01015625 0.01640625
0 0.77109375 0.03359375 0.01640625 0.01171875
0 0.8953125 0.3609375 0.009375 0.01484375
0 0.03515625 0.10546875 0.0203125 0.0171875
0 0.84921875 0.31171875 0.009375 0.01015625
0 0.20078125 0.9046875 0.034375 0.02734375
0 0.2796875 0.828125 0.1390625 0.15703125
0 0.553125 0.7171875 0.12265625 0.171875
0 0.64921875 0.0703125 0.0109375 0.01015625
0 0.040625 0.44609375 0.01484375 0.01875
0 0.3359375 0.271875 0.028125 0.03125
0 0.02578125 0.4546875 0.02265625 0.040625
0 0.52421875 0.02578125 0.065625 0.0484375
0 0.5953125 0.56328125 0.01640625 0.021875
0 0.64296875 0.04140625 0.0140625 0.01328125
0 0.046875 0.08125 0.0109375 0.01875
0 0.61171875 0.2453125 0.01640625 0.02265625
0 0.52890625 0.18984375 0.00625 0.015625
0 0.71875 0.6078125 0.00859375 0.01171875
0 0.809375 0.16953125 0.015625 0.0171875
0 0.74453125 0.03984375 0.1140625 0.0796875
0 0.8140625 0.03203125 0.009375 0.009375
0 0.253125 0.7171875 0.0171875 0.0140625
0 0.5203125 0.58671875 0.01953125 0.015625
0 0.2453125 0.70625 0.02265625 0.01796875
0 0.715625 0.0859375 0.0140625 0.01640625
0 0.2328125 0.4046875 0.01171875 0.0109375
0 0.31171875 0.28125 0.01953125 0.01328125
0 0.053125 0.09609375 0.0625 0.0578125
0 0.16328125 0.81015625 0.01328125 0.0171875
0 0.76328125 0.26484375 0.01015625 0.01796875
0 0.1765625 0.77265625 0.01484375 0.028125
0 0.91953125 0.090625 0.03046875 0.03046875
0 0.05859375 0.53828125 0.0140625 0.01875
0 0.3515625 0.12109375 0.0078125 0.00859375
0 0.29296875 0.5625 0.028125 0.0265625
0 0.67265625 0.26328125 0.0140625 0.01171875
0 0.0265625 0.61171875 0.015625 0.01875
0 0.69609375 0.0703125 0.009375 0.0109375
0 0.26953125 0.7296875 0.146875 0.165625
0 0.3109375 0.5203125 0.01953125 0.01953125
0 0.7625 0.6640625 0.17890625 0.24296875
0 0.3015625 0.57265625 0.01484375 0.021875
0 0.584375 0.0421875 0.0109375 0.0109375
0 0.7828125 0.34453125 0.0078125 0.01484375
0 0.17109375 0.82734375 0.0140625 0.0140625
0 0.74765625 0.00859375 0.0140625 0.01171875
0 0.0921875 0.5921875 0.01015625 0.0140625
0 0.5640625 0.1390625 0.00703125 0.01171875
0 0.0078125 0.4625 0.015625 0.015625
0 0.92578125 0.0734375 0.01171875 0.0109375
0 0.27734375 0.52890625 0.01953125 0.0203125
0 0.909375 0.14453125 0.0125 0.015625
0 0.9484375 0.38046875 0.10078125 0.18671875
0 0.028125 0.46484375 0.0515625 0.071875
0 0.915625 0.65625 0.153125 0.23203125
0 0.74296875 0.61953125 0.0125 0.01875
0 0.5734375 0.8546875 0.19453125 0.27109375
0 0.75 0.5046875 0.16875 0.2265625
0 0.92109375 0.140625 0.00859375 0.0140625
0 0.14296875 0.8234375 0.0140625 0.015625
0 0.490625 0.43046875 0.00625 0.0171875
0 0.290625 0.040625 0.10078125 0.08125
0 0.13984375 0.81171875 0.015625 0.0140625
0 0.66328125 0.57578125 0.0078125 0.01484375
0 0.03828125 0.6234375 0.04296875 0.05703125
0 0.7140625 0.0078125 0.0109375 0.0109375
0 0.6 0.45625 0.0078125 0.01484375
0 0.38984375 0.29453125 0.00703125 0.0171875