0 0.7546875 0.35390625 0.0375 0.05390625
0 0.328125 0.5890625 0.0375 0.04140625
0 0.5625 0.93515625 0.0359375 0.04375
0 0.675 0.89140625 0.028125 0.04453125
0 0.21875 0.76875 0.03046875 0.040625
0 0.25390625 0.7953125 0.03046875 0.040625
0 0.13515625 0.72421875 0.03046875 0.034375
0 0.06171875 0.1546875 0.05078125 0.05390625
0 0.05 0.04765625 0.025 0.05234375
0 0.07578125 0.01796875 0.06796875 0.02890625
0 0.95078125 0.23984375 0.03125 0.03828125
0 0.9734375 0.3 0.02890625 0.03515625
0 0.62265625 0.9125 0.03828125 0.04375
0 0.278125 0.18203125 0.04765625 0.04609375