0 0.48359375 0.1796875 0.03125 0.03359375
0 0.1546875 0.25546875 0.0171875 0.02578125
0 0.4 0.64296875 0.03671875 0.03515625
0 0.25703125 0.19765625 0.04140625 0.053125
0 0.38203125 0.36796875 0.02578125 0.02890625
0 0.50078125 0.33203125 0.0375 0.05234375
0 0.09609375 0.22421875 0.02265625 0.02734375
0 0.43203125 0.30703125 0.04140625 0.05859375
0 0.20703125 0.17109375 0.02109375 0.0296875
0 0.21640625 0.79296875 0.0390625 0.05390625
0 0.35546875 0.5984375 0.0484375 0.04140625
0 0.34140625 0.65859375 0.0234375 0.0234375
0 0.0796875 0.09375 0.015625 0.0234375
0 0.03046875 0.22109375 0.03828125 0.05
0 0.2484375 0.20625 0.01796875 0.02265625
0 0.2515625 0.4546875 0.034375 0.03984375
0 0.4328125 0.296875 0.0140625 0.01796875
0 0.17734375 0.3171875 0.0140625 0.01640625
0 0.11171875 0.4390625 0.01875 0.02109375
0 0.41640625 0.60859375 0.0171875 0.01796875
0 0.32890625 0.60078125 0.0265625 0.02734375
0 0.496875 0.3 0.0359375 0.059375
0 0.2921875 0.6484375 0.04453125 0.0546875
0 0.38671875 0.459375 0.015625 0.0203125
0 0.259375 0.24375 0.0140625 0.01328125
0 0.26796875 0.8171875 0.040625 0.0484375
0 0.0796875 0.64296875 0.01640625 0.01796875
0 0.33671875 0.47734375 0.05546875 0.05078125
0 0.55625 0.87265625 0.0203125 0.03125
0 0.61015625 0.66015625 0.0203125 0.0203125
0 0.1484375 0.83046875 0.015625 0.0203125
0 0.05859375 0.190625 0.01171875 0.0171875
0 0.5484375 0.06015625 0.03046875 0.03125
0 0.2578125 0.3125 0.01171875 0.01171875
0 0.17734375 0.603125 0.03359375 0.02890625
0 0.475 0.21328125 0.015625 0.01796875
0 0.396875 0.73671875 0.03046875 0.03984375
0 0.32421875 0.4265625 0.06484375 0.075
0 0.209375 0.85 0.01953125 0.02265625
0 0.26875 0.31171875 0.0125 0.0140625
0 0.5171875 0.95078125 0.0140625 0.01875
0 0.12734375 0.2953125 0.0578125 0.05546875
0 0.30625 0.6046875 0.0171875 0.0171875
0 0.4234375 0.81484375 0.021875 0.02734375
0 0.94296875 0.50234375 0.01875 0.01484375
0 0.153125 0.8171875 0.0390625 0.05546875
0 0.2171875 0.86484375 0.01484375 0.01953125
0 0.69609375 0.0140625 0.015625 0.02109375
0 0.378125 0.58359375 0.021875 0.01796875
0 0.2953125 0.5453125 0.02109375 0.02421875
0 0.2671875 0.3359375 0.0140625 0.01640625
0 0.25859375 0.5921875 0.015625 0.01875
0 0.45078125 0.803125 0.02265625 0.0234375
0 0.37890625 0.35078125 0.01484375 0.01484375
0 0.30546875 0.52890625 0.02265625 0.03125
0 0.33125 0.88515625 0.05703125 0.06875
0 0.10078125 0.534375 0.025 0.025
0 0.31953125 0.5109375 0.0234375 0.025
0 0.9859375 0.56484375 0.0125 0.015625
0 0.1328125 0.6859375 0.0234375 0.02890625
0 0.35390625 0.56015625 0.01796875 0.02578125
0 0.24375 0.8609375 0.0203125 0.02578125
0 0.08203125 0.0828125 0.0078125 0.0140625
0 0.29296875 0.43515625 0.046875 0.05234375
0 0.21796875 0.7171875 0.0171875 0.0203125
0 0.253125 0.47734375 0.02890625 0.03671875
0 0.2203125 0.7640625 0.0140625 0.0171875
0 0.378125 0.64453125 0.0171875 0.01796875
0 0.53984375 0.890625 0.028125 0.03125
0 0.42734375 0.3125 0.01328125 0.0140625
0 0.5515625 0.0390625 0.0109375 0.01484375
0 0.1734375 0.63671875 0.0140625 0.0203125
0 0.24296875 0.1671875 0.0140625 0.01015625
0 0.33671875 0.52578125 0.0171875 0.0171875
0 0.33046875 0.6796875 0.01640625 0.0171875
0 0.2796875 0.42265625 0.01015625 0.0125
0 0.42109375 0.89375 0.01953125 0.01484375
0 0.371875 0.5484375 0.03203125 0.02734375
0 0.28515625 0.6703125 0.021875 0.01640625
0 0.259375 0.8296875 0.01875 0.02265625
0 0.4140625 0.17109375 0.0140625 0.02109375
0 0.0625 0.88671875 0.0203125 0.01328125
0 0.715625 0.49921875 0.02421875 0.01640625
0 0.5671875 0.0640625 0.0640625 0.06328125
0 0.06796875 0.14296875 0.01484375 0.01875
0 0.4875 0.30625 0.015625 0.01328125
0 0.225 0.709375 0.0453125 0.05859375
0 0.27890625 0.64921875 0.0125 0.01328125
0 0.82109375 0.29609375 0.0234375 0.021875
0 0.58828125 0.15234375 0.01875 0.01484375
0 0.23984375 0.940625 0.01171875 0.0140625
0 0.675 0.8203125 0.01328125 0.0125
0 0.3984375 0.74296875 0.071875 0.07890625
0 0.1578125 0.959375 0.0109375 0.01640625
0 0.30859375 0.4109375 0.01328125 0.0109375
0 0.56171875 0.8921875 0.01015625 0.0171875
0 0.4796875 0.71328125 0.0140625 0.02109375
0 0.53359375 0.89921875 0.09375 0.1171875
0 0.2671875 0.7765625 0.01328125 0.0140625
0 0.33984375 0.178125 0.01015625 0.0125
0 0.678125 0.88046875 0.01171875 0.01640625
0 0.5046875 0.9015625 0.01953125 0.0203125
0 0.8 0.33203125 0.01015625 0.01171875
0 0.2375 0.69609375 0.0171875 0.0171875
0 0.67109375 0.57109375 0.009375 0.01484375
0 0.3140625 0.49453125 0.0203125 0.0234375
0 0.4796875 0.96484375 0.01796875 0.01484375
0 0.36171875 0.72578125 0.01484375 0.0109375
0 0.359375 0.18359375 0.09453125 0.12265625
0 0.00546875 0.21875 0.01015625 0.0125
0 0.4625 0.36953125 0.0140625 0.01484375
0 0.29140625 0.1890625 0.05078125 0.06640625
0 0.54609375 0.853125 0.009375 0.01953125
0 0.32890625 0.37109375 0.03828125 0.03671875
0 0.7671875 0.56328125 0.0171875 0.0296875
0 0.7546875 0.08359375 0.18828125 0.1625
0 0.4828125 0.1140625 0.0078125 0.0140625
0 0.11796875 0.33984375 0.1328125 0.1703125
0 0.1625 0.871875 0.0453125 0.04609375
0 0.978125 0.15703125 0.0078125 0.015625