0 0.5359375 0.5953125 0.0390625 0.07734375
0 0.19765625 0.55234375 0.0390625 0.04453125
0 0.22734375 0.4640625 0.06015625 0.05546875
0 0.24296875 0.5109375 0.01328125 0.0140625
0 0.21484375 0.46796875 0.009375 0.0125
0 0.6953125 0.82890625 0.040625 0.03046875
0 0.21015625 0.45859375 0.009375 0.01171875
0 0.69296875 0.82421875 0.0140625 0.01484375
0 0.56640625 0.5109375 0.01015625 0.0140625
0 0.140625 0.45234375 0.0109375 0.01171875
0 0.28984375 0.41953125 0.1953125 0.20078125
0 0.13125 0.18671875 0.01171875 0.00859375