0 0.153125 0.62890625 0.021875 0.03203125
0 0.2578125 0.6203125 0.0203125 0.02109375
0 0.5875 0.91015625 0.0359375 0.0375
0 0.184375 0.73515625 0.03125 0.0296875
0 0.90625 0.2703125 0.0265625 0.03359375
0 0.68828125 0.46484375 0.065625 0.09609375
0 0.7046875 0.10234375 0.0328125 0.0375
0 0.5421875 0.80234375 0.10390625 0.13203125
0 0.42734375 0.39296875 0.01015625 0.0140625
0 0.4609375 0.6625 0.01171875 0.0140625
0 0.81875 0.40703125 0.01640625 0.01640625
0 0.86171875 0.278125 0.028125 0.02421875
0 0.58046875 0.2890625 0.0171875 0.021875
0 0.31328125 0.1765625 0.0109375 0.01484375
0 0.35546875 0.63359375 0.01953125 0.021875
0 0.1453125 0.83125 0.0203125 0.025
0 0.3234375 0.5625 0.0140625 0.0140625
0 0.32265625 0.615625 0.01328125 0.01640625
0 0.75078125 0.5984375 0.0140625 0.01796875
0 0.14296875 0.51328125 0.0375 0.0390625
0 0.3546875 0.671875 0.01015625 0.01171875
0 0.14296875 0.73359375 0.01328125 0.0140625
0 0.8640625 0.38203125 0.01015625 0.0125
0 0.153125 0.625 0.015625 0.01328125
0 0.6640625 0.42890625 0.0109375 0.01171875
0 0.42265625 0.2875 0.0109375 0.01484375
0 0.34921875 0.62890625 0.0140625 0.015625
0 0.7046875 0.44453125 0.0125 0.0125
0 0.88203125 0.38515625 0.01640625 0.0125
0 0.521875 0.2015625 0.0109375 0.01328125
0 0.2046875 0.89453125 0.0140625 0.01796875
0 0.1359375 0.5125 0.01171875 0.01171875
0 0.21796875 0.8171875 0.01171875 0.0109375
0 0.52109375 0.128125 0.03203125 0.0234375
0 0.86171875 0.4203125 0.0109375 0.01171875
0 0.815625 0.52265625 0.0140625 0.01640625
0 0.57109375 0.35703125 0.009375 0.01171875
0 0.790625 0.5890625 0.03359375 0.0390625
0 0.9484375 0.2515625 0.01640625 0.01796875
0 0.8671875 0.27109375 0.01640625 0.0125
0 0.75625 0.58203125 0.01796875 0.01640625
0 0.03671875 0.4515625 0.01875 0.015625
0 0.50625 0.7125 0.01015625 0.0109375
0 0.93125 0.71640625 0.01953125 0.01640625
0 0.00859375 0.4609375 0.0140625 0.0140625
0 0.4234375 0.3 0.00703125 0.01171875
0 0.290625 0.7890625 0.0109375 0.01171875
0 0.09375 0.0421875 0.025 0.0296875
0 0.25390625 0.86953125 0.009375 0.0125
0 0.503125 0.490625 0.01015625 0.0125
0 0.78203125 0.5890625 0.01171875 0.01484375
0 0.42265625 0.33125 0.0203125 0.0234375
0 0.559375 0.090625 0.0171875 0.01640625
0 0.5171875 0.3859375 0.02265625 0.0203125
0 0.83359375 0.35390625 0.009375 0.009375
0 0.428125 0.68203125 0.0125 0.015625
0 0.66796875 0.01328125 0.01328125 0.01328125
0 0.5453125 0.7203125 0.0109375 0.0109375
0 0.7921875 0.46796875 0.01015625 0.01171875
0 0.74296875 0.8078125 0.00625 0.01015625
0 0.71171875 0.590625 0.00859375 0.01171875
0 0.9640625 0.06875 0.021875 0.015625
0 0.72734375 0.62109375 0.009375 0.0140625
0 0.7109375 0.82421875 0.00703125 0.01171875
0 0.4796875 0.26015625 0.01484375 0.01796875
0 0.23203125 0.8859375 0.11484375 0.15703125
0 0.540625 0.059375 0.00859375 0.01015625
0 0.8234375 0.53984375 0.01015625 0.01015625
0 0.91328125 0.42421875 0.00859375 0.01015625
0 0.6390625 0.81875 0.01640625 0.01640625
0 0.7890625 0.33125 0.009375 0.0078125
0 0.3171875 0.625 0.0171875 0.01796875
0 0.778125 0.51328125 0.01796875 0.0203125
0 0.9609375 0.1875 0.04609375 0.02734375
0 0.0578125 0.89609375 0.00859375 0.01171875
0 0.7421875 0.81953125 0.00703125 0.009375
0 0.81171875 0.54609375 0.0078125 0.0140625
0 0.86640625 0.40546875 0.0078125 0.01015625
0 0.39765625 0.621875 0.009375 0.01328125
0 0.46953125 0.990625 0.0171875 0.01484375
0 0.81875 0.73984375 0.0765625 0.1078125
0 0.6421875 0.8 0.02109375 0.01796875
0 0.8171875 0.4578125 0.0078125 0.01015625
0 0.78203125 0.978125 0.01171875 0.01796875
0 0.87890625 0.671875 0.015625 0.01953125
0 0.43828125 0.878125 0.00859375 0.009375
0 0.56796875 0.7890625 0.00625 0.01015625
0 0.80234375 0.75234375 0.0078125 0.01015625
0 0.8296875 0.47890625 0.009375 0.01171875
0 0.975 0.14375 0.0140625 0.01328125
0 0.72109375 0.1640625 0.09296875 0.13046875
0 0.85078125 0.3125 0.00703125 0.0078125
0 0.59453125 0.16640625 0.009375 0.0109375
0 0.01015625 0.2203125 0.01328125 0.01171875
0 0.04921875 0.70546875 0.0078125 0.00859375
0 0.678125 0.009375 0.009375 0.0140625
0 0.77109375 0.6984375 0.01328125 0.01484375
0 0.27578125 0.2125 0.025 0.025
0 0.6078125 0.921875 0.0265625 0.02578125
0 0.72421875 0.68515625 0.0203125 0.02109375
0 0.8890625 0.25390625 0.0078125 0.009375
0 0.61015625 0.0125 0.0078125 0.0109375
0 0.93828125 0.2625 0.021875 0.0234375
0 0.3984375 0.81875 0.028125 0.0296875
0 0.8734375 0.38125 0.00859375 0.01015625
0 0.60859375 0.1828125 0.0078125 0.0109375
0 0.71796875 0.6921875 0.0375 0.040625
0 0.19140625 0.00546875 0.0109375 0.01015625
0 0.91171875 0.95859375 0.00703125 0.0109375
0 0.67265625 0.9734375 0.01015625 0.01015625
0 0.8375 0.965625 0.01171875 0.01796875
0 0.52421875 0.0296875 0.00625 0.00859375
0 0.190625 0.309375 0.18515625 0.24921875
0 0.7578125 0.70625 0.01328125 0.0203125
0 0.60859375 0.98828125 0.0109375 0.01015625
0 0.14765625 0.2125 0.025 0.0234375
0 0.7046875 0.68515625 0.0078125 0.01015625
0 0.3734375 0.62421875 0.01171875 0.01640625
0 0.97109375 0.021875 0.00859375 0.00859375