0 0.3859375 0.44140625 0.040625 0.04296875
0 0.3734375 0.48671875 0.02265625 0.021875
0 0.74921875 0.15703125 0.0140625 0.0171875
0 0.228125 0.3984375 0.0515625 0.07421875
0 0.8578125 0.334375 0.03359375 0.0453125
0 0.590625 0.34765625 0.02421875 0.0328125
0 0.74296875 0.29375 0.0390625 0.04609375
0 0.39765625 0.34453125 0.0484375 0.05546875
0 0.940625 0.178125 0.015625 0.015625
0 0.78828125 0.17109375 0.01953125 0.021875
0 0.02421875 0.2296875 0.03203125 0.04375
0 0.41796875 0.67421875 0.01640625 0.01328125
0 0.51484375 0.25546875 0.01796875 0.0234375
0 0.31953125 0.528125 0.03828125 0.0453125
0 0.984375 0.62109375 0.03046875 0.03515625
0 0.42890625 0.675 0.0171875 0.0171875
0 0.378125 0.49921875 0.046875 0.07578125
0 0.27578125 0.54921875 0.03203125 0.0390625
0 0.55703125 0.4640625 0.03125 0.03984375
0 0.33828125 0.328125 0.0625 0.06796875
0 0.6328125 0.12734375 0.03359375 0.03125
0 0.78984375 0.559375 0.06171875 0.06328125
0 0.94765625 0.7984375 0.028125 0.0390625
0 0.36328125 0.88203125 0.02734375 0.04609375
0 0.2671875 0.65390625 0.021875 0.02734375
0 0.38828125 0.471875 0.025 0.025
0 0.05390625 0.684375 0.03046875 0.02890625
0 0.73046875 0.153125 0.01015625 0.01015625
0 0.61015625 0.021875 0.021875 0.02265625
0 0.1140625 0.7234375 0.025 0.021875
0 0.45546875 0.3875 0.021875 0.02421875
0 0.128125 0.3546875 0.01953125 0.01953125
0 0.5359375 0.90546875 0.0296875 0.05625
0 0.065625 0.06953125 0.01796875 0.0296875
0 0.7875 0.33828125 0.0109375 0.01640625
0 0.65625 0.35859375 0.06640625 0.07734375
0 0.96171875 0.309375 0.025 0.025
0 0.87109375 0.5265625 0.0484375 0.05
0 0.38203125 0.26640625 0.0609375 0.05546875
0 0.43984375 0.5359375 0.0140625 0.01796875
0 0.7734375 0.53671875 0.0140625 0.0171875
0 0.278125 0.76328125 0.0265625 0.0328125
0 0.915625 0.25625 0.01015625 0.015625
0 0.22578125 0.3828125 0.0140625 0.01875
0 0.0359375 0.44609375 0.021875 0.02265625
0 0.96484375 0.43984375 0.034375 0.0359375
0 0.925 0.234375 0.0125 0.01640625
0 0.9359375 0.19296875 0.0265625 0.0421875
0 0.6046875 0.4265625 0.02890625 0.03125
0 0.92890625 0.83828125 0.00859375 0.01328125
0 0.1953125 0.33828125 0.015625 0.01328125
0 0.371875 0.52265625 0.0203125 0.01640625
0 0.37265625 0.50703125 0.01640625 0.01640625
0 0.85625 0.53359375 0.0140625 0.01484375
0 0.1890625 0.49296875 0.015625 0.0203125
0 0.5328125 0.88984375 0.01796875 0.028125
0 0.43984375 0.56484375 0.0125 0.0171875
0 0.58046875 0.40546875 0.02109375 0.03046875
0 0.409375 0.2375 0.0171875 0.0171875
0 0.92109375 0.021875 0.0109375 0.02265625
0 0.8734375 0.5125 0.01875 0.015625
0 0.2375 0.53046875 0.01171875 0.01796875
0 0.98828125 0.0171875 0.02265625 0.03046875
0 0.465625 0.809375 0.0375 0.046875
0 0.3703125 0.2640625 0.03203125 0.03046875
0 0.503125 0.5484375 0.0171875 0.0140625
0 0.5234375 0.93515625 0.075 0.1125
0 0.31796875 0.3265625 0.0171875 0.0203125
0 0.6125 0.13515625 0.0140625 0.0171875
0 0.0765625 0.76796875 0.03515625 0.059375
0 0.553125 0.45859375 0.01328125 0.01640625
0 0.221875 0.6359375 0.01171875 0.015625
0 0.4390625 0.15703125 0.090625 0.08671875
0 0.07109375 0.7671875 0.015625 0.02890625
0 0.9125 0.08046875 0.02265625 0.03828125
0 0.85234375 0.328125 0.01640625 0.01015625
0 0.09765625 0.75234375 0.0765625 0.08515625
0 0.3359375 0.4953125 0.01171875 0.02265625
0 0.31015625 0.52265625 0.01484375 0.01171875
0 0.340625 0.3203125 0.01875 0.01953125
0 0.459375 0.821875 0.01484375 0.01484375
0 0.2265625 0.625 0.03203125 0.0421875
0 0.07734375 0.7390625 0.0078125 0.01953125
0 0.19296875 0.50859375 0.0359375 0.05078125
0 0.25859375 0.59921875 0.01171875 0.0109375
0 0.60078125 0.428125 0.01484375 0.01640625
0 0.359375 0.884375 0.015625 0.01796875
0 0.57109375 0.5078125 0.153125 0.1796875
0 0.50625 0.984375 0.01328125 0.0171875
0 0.39296875 0.3484375 0.01484375 0.0140625
0 0.0984375 0.72890625 0.0109375 0.0140625
0 0.40859375 0.25625 0.01015625 0.015625
0 0.628125 0.76328125 0.178125 0.2296875
0 0.553125 0.15625 0.04765625 0.04453125
0 0.046875 0.684375 0.0125 0.0078125
0 0.3109375 0.34140625 0.01328125 0.01171875
0 0.515625 0.92265625 0.009375 0.01484375