0 0.71171875 0.50859375 0.0671875 0.06953125
0 0.809375 0.57578125 0.021875 0.02578125
0 0.80625 0.58203125 0.0484375 0.05234375
0 0.7171875 0.1859375 0.05234375 0.078125
0 0.890625 0.52734375 0.0234375 0.03125
0 0.13203125 0.23984375 0.05546875 0.071875
0 0.56328125 0.67421875 0.06171875 0.07734375
0 0.390625 0.609375 0.040625 0.05546875
0 0.4671875 0.21328125 0.04921875 0.0765625
0 0.890625 0.53671875 0.04609375 0.08046875
0 0.6984375 0.91640625 0.03359375 0.05
0 0.0765625 0.4234375 0.02265625 0.03046875
0 0.140625 0.4515625 0.01015625 0.01640625
0 0.76484375 0.584375 0.01015625 0.01796875
0 0.64375 0.66640625 0.009375 0.015625
0 0.5421875 0.53359375 0.01484375 0.0234375
0 0.39765625 0.3015625 0.0234375 0.0234375
0 0.290625 0.26015625 0.01328125 0.01953125
0 0.06640625 0.23984375 0.06875 0.084375
0 0.05078125 0.46953125 0.01875 0.02109375
0 0.1578125 0.15703125 0.02890625 0.02734375
0 0.06640625 0.465625 0.01484375 0.01953125
0 0.378125 0.63125 0.0984375 0.13984375
0 0.28984375 0.2484375 0.01328125 0.01640625
0 0.89375 0.42578125 0.01328125 0.0171875
0 0.4671875 0.1890625 0.0109375 0.02109375
0 0.134375 0.2359375 0.025 0.01953125
0 0.1875 0.7875 0.01953125 0.025
0 0.475 0.609375 0.01640625 0.01796875
0 0.50625 0.9203125 0.015625 0.01796875
0 0.07890625 0.43984375 0.01875 0.0203125
0 0.03671875 0.65546875 0.0171875 0.0296875
0 0.5765625 0.146875 0.0109375 0.01484375
0 0.378125 0.6078125 0.0109375 0.01484375
0 0.209375 0.4390625 0.01796875 0.01796875
0 0.91953125 0.128125 0.021875 0.01875
0 0.4828125 0.93203125 0.1046875 0.125
0 0.5015625 0.38203125 0.06171875 0.0953125
0 0.4625 0.5296875 0.01171875 0.0203125
0 0.23203125 0.77265625 0.0609375 0.071875
0 0.24375 0.45234375 0.0203125 0.0265625
0 0.728125 0.16328125 0.01328125 0.02578125
0 0.08828125 0.66171875 0.01875 0.021875
0 0.80390625 0.2328125 0.0890625 0.17265625
0 0.35859375 0.32109375 0.06640625 0.07421875
0 0.88828125 0.44375 0.01640625 0.01640625
0 0.846875 0.55 0.0109375 0.0125
0 0.41328125 0.303125 0.0125 0.01640625
0 0.56328125 0.89453125 0.13828125 0.19765625
0 0.49765625 0.36171875 0.01171875 0.01875
0 0.0875 0.6359375 0.01875 0.02265625
0 0.70390625 0.11484375 0.0171875 0.0203125
0 0.32109375 0.246875 0.01015625 0.0171875
0 0.65390625 0.19375 0.01328125 0.01328125
0 0.8625 0.565625 0.01171875 0.0171875
0 0.48671875 0.32578125 0.01796875 0.02578125
0 0.60234375 0.33125 0.01015625 0.02109375
0 0.89140625 0.11484375 0.0125 0.0140625
0 0.70703125 0.19375 0.01015625 0.01484375
0 0.01484375 0.64375 0.01640625 0.015625
0 0.47734375 0.51484375 0.07734375 0.1046875
0 0.95390625 0.30546875 0.0140625 0.021875
0 0.27890625 0.10859375 0.0375 0.06796875
0 0.078125 0.69140625 0.01875 0.01953125
0 0.83046875 0.57265625 0.0203125 0.01640625
0 0.29453125 0.4125 0.05625 0.08671875
0 0.378125 0.225 0.0125 0.01953125
0 0.2625 0.33515625 0.0203125 0.0234375
0 0.9546875 0.50703125 0.0859375 0.10859375
0 0.16953125 0.5109375 0.12265625 0.13984375
0 0.6265625 0.01640625 0.040625 0.0296875
0 0.29296875 0.08984375 0.0109375 0.01484375
0 0.4765625 0.6671875 0.01796875 0.01875
0 0.621875 0.03828125 0.01640625 0.01796875
0 0.28671875 0.434375 0.0140625 0.015625
0 0.6296875 0.059375 0.01328125 0.01640625
0 0.165625 0.0625 0.0234375 0.01953125
0 0.259375 0.57734375 0.12265625 0.1453125
0 0.6140625 0.009375 0.015625 0.015625
0 0.24765625 0.425 0.0171875 0.0234375
0 0.10625 0.7015625 0.0234375 0.0265625
0 0.4828125 0.71796875 0.01171875 0.01875
0 0.3671875 0.39765625 0.03359375 0.0515625
0 0.17265625 0.06484375 0.04609375 0.05703125
0 0.284375 0.3734375 0.01875 0.01875
0 0.146875 0.65859375 0.0140625 0.0140625
0 0.20859375 0.33125 0.021875 0.02421875
0 0.10859375 0.67265625 0.0140625 0.01796875
0 0.35546875 0.45 0.01640625 0.021875
0 0.64921875 0.04453125 0.01796875 0.0234375
0 0.309375 0.13359375 0.01015625 0.01953125
0 0.28125 0.403125 0.0171875 0.01640625
0 0.1125 0.6484375 0.02421875 0.03046875
0 0.24140625 0.38046875 0.0109375 0.015625
0 0.10078125 0.6140625 0.0109375 0.02265625
0 0.3609375 0.4125 0.015625 0.0171875
0 0.13203125 0.696875 0.01953125 0.025
0 0.35859375 0.10390625 0.078125 0.0984375
0 0.36953125 0.04921875 0.0953125 0.08984375
0 0.95078125 0.0640625 0.0984375 0.128125
0 0.27578125 0.42109375 0.021875 0.0171875
0 0.2703125 0.38359375 0.01796875 0.02265625
0 0.12109375 0.709375 0.01640625 0.03359375
0 0.71953125 0.734375 0.15078125 0.2546875
0 0.26015625 0.40234375 0.015625 0.0171875
0 0.9953125 0.384375 0.009375 0.015625
0 0.8953125 0.69921875 0.140625 0.23671875
0 0.98515625 0.415625 0.0078125 0.02421875
0 0.26328125 0.19375 0.01328125 0.01875
0 0.1 0.69296875 0.01640625 0.01171875
0 0.36171875 0.384375 0.0140625 0.028125
0 0.9328125 0.97734375 0.01796875 0.021875
0 0.9515625 0.9640625 0.059375 0.0625
0 0.225 0.3421875 0.0140625 0.0140625
0 0.9640625 0.94609375 0.0234375 0.01953125