0 0.453125 0.153125 0.06640625 0.07578125
0 0.2203125 0.659375 0.0234375 0.03515625
0 0.44609375 0.15546875 0.01328125 0.01953125
0 0.70546875 0.346875 0.0171875 0.02109375
0 0.5984375 0.23671875 0.015625 0.0203125
0 0.6265625 0.678125 0.02578125 0.0328125
0 0.27265625 0.6453125 0.01484375 0.01640625
0 0.74375 0.475 0.0140625 0.0140625
0 0.7140625 0.31171875 0.0140625 0.015625
0 0.78828125 0.15078125 0.0125 0.01484375
0 0.46015625 0.146875 0.01171875 0.015625
0 0.846875 0.07421875 0.01484375 0.01640625
0 0.70625 0.1140625 0.01484375 0.01796875
0 0.690625 0.2015625 0.0203125 0.02578125
0 0.209375 0.146875 0.0140625 0.015625
0 0.71015625 0.19921875 0.015625 0.01953125
0 0.4265625 0.5828125 0.040625 0.04765625
0 0.34375 0.61484375 0.0109375 0.01328125
0 0.84765625 0.22421875 0.01796875 0.03359375
0 0.86875 0.28515625 0.015625 0.015625
0 0.65 0.05625 0.0140625 0.0140625
0 0.6984375 0.3765625 0.01171875 0.0125
0 0.87265625 0.71875 0.0703125 0.0859375
0 0.8546875 0.55625 0.0296875 0.034375
0 0.68828125 0.14375 0.009375 0.0140625
0 0.61796875 0.19921875 0.01015625 0.0109375
0 0.70078125 0.66171875 0.02578125 0.03125
0 0.74296875 0.46640625 0.0140625 0.015625
0 0.6578125 0.4296875 0.01796875 0.0125
0 0.221875 0.08203125 0.0078125 0.01171875
0 0.45546875 0.49609375 0.01015625 0.01015625
0 0.19609375 0.0734375 0.0078125 0.01171875
0 0.371875 0.3140625 0.01328125 0.0140625
0 0.79296875 0.625 0.00859375 0.0140625
0 0.69375 0.3375 0.0125 0.01171875
0 0.76796875 0.36484375 0.0125 0.015625
0 0.46796875 0.23125 0.01171875 0.01484375
0 0.24296875 0.6828125 0.01171875 0.01484375
0 0.72734375 0.3875 0.009375 0.01171875
0 0.67265625 0.49921875 0.01328125 0.01328125
0 0.96875 0.05859375 0.04140625 0.05078125
0 0.496875 0.290625 0.01015625 0.01484375
0 0.70625 0.19140625 0.0140625 0.01328125
0 0.88046875 0.37265625 0.0125 0.0109375
0 0.775 0.1875 0.00859375 0.00859375
0 0.52421875 0.38125 0.0125 0.01015625
0 0.0078125 0.4890625 0.0140625 0.02421875
0 0.878125 0.465625 0.01015625 0.0125
0 0.834375 0.20078125 0.009375 0.0109375
0 0.85234375 0.55 0.009375 0.0109375
0 0.0421875 0.0484375 0.0078125 0.0125
0 0.9578125 0.17421875 0.0140625 0.0265625
0 0.04453125 0.55 0.009375 0.0109375
0 0.87890625 0.11171875 0.01015625 0.01171875
0 0.3484375 0.64453125 0.103125 0.12890625
0 0.21484375 0.69296875 0.0140625 0.0140625
0 0.9734375 0.109375 0.02109375 0.02265625
0 0.928125 0.0171875 0.01171875 0.01640625
0 0.8359375 0.3453125 0.0109375 0.0125
0 0.88046875 0.471875 0.0109375 0.01484375
0 0.8796875 0.225 0.009375 0.01171875
0 0.8828125 0.7046875 0.01640625 0.0171875
0 0.96796875 0.778125 0.01328125 0.0140625
0 0.346875 0.61015625 0.01015625 0.0125
0 0.21953125 0.64140625 0.01171875 0.01015625
0 0.96640625 0.20390625 0.009375 0.0109375
0 0.0796875 0.33984375 0.009375 0.01328125
0 0.92421875 0.0421875 0.00859375 0.015625
0 0.7140625 0.29609375 0.01328125 0.0109375
0 0.5265625 0.69609375 0.01484375 0.015625
0 0.95390625 0.1390625 0.01015625 0.0109375
0 0.8484375 0.21796875 0.0125 0.0125
0 0.91796875 0.02265625 0.01484375 0.0125
0 0.8765625 0.3390625 0.01015625 0.0125
0 0.17578125 0.6703125 0.0078125 0.01015625
0 0.8171875 0.228125 0.01171875 0.0109375
0 0.86328125 0.15703125 0.00703125 0.0078125
0 0.94765625 0.11484375 0.01015625 0.01015625
0 0.99609375 0.73125 0.0078125 0.021875
0 0.88671875 0.30859375 0.00859375 0.01015625
0 0.85078125 0.16875 0.01171875 0.00859375
0 0.98671875 0.49453125 0.0171875 0.01875
0 0.9578125 0.05546875 0.009375 0.009375
0 0.3375 0.68125 0.00859375 0.01171875
0 0.85 0.69765625 0.00859375 0.0125
0 0.8875 0.0796875 0.00859375 0.0109375
0 0.5578125 0.72109375 0.0078125 0.01328125
0 0.3203125 0.9140625 0.009375 0.0125
0 0.6859375 0.9453125 0.0203125 0.028125
0 0.96640625 0.68125 0.009375 0.01015625
0 0.15703125 0.5453125 0.01328125 0.01484375
0 0.95546875 0.42265625 0.0109375 0.01328125
0 0.81328125 0.96484375 0.0140625 0.0109375
0 0.45390625 0.73828125 0.17890625 0.203125
0 0.2484375 0.22578125 0.08203125 0.071875
0 0.1625 0.35 0.0109375 0.01328125
0 0.89375 0.0734375 0.021875 0.0265625
0 0.88046875 0.690625 0.01484375 0.01640625
0 0.27890625 0.6515625 0.0125 0.01875
0 0.275 0.57109375 0.0125 0.00859375
0 0.18515625 0.6140625 0.0140625 0.01484375
0 0.71953125 0.0609375 0.03671875 0.1078125
0 0.45625 0.95703125 0.0140625 0.028125
0 0.20234375 0.36171875 0.1078125 0.13359375
0 0.3125 0.646875 0.01484375 0.02265625
0 0.0921875 0.69375 0.0203125 0.0296875
0 0.69609375 0.721875 0.01484375 0.0203125
0 0.1734375 0.4125 0.03203125 0.04453125