0 0.63125 0.6953125 0.0203125 0.01953125
0 0.69375 0.05703125 0.0390625 0.040625
0 0.475 0.53828125 0.0421875 0.06328125
0 0.76953125 0.66484375 0.05703125 0.0671875
0 0.5890625 0.44609375 0.08515625 0.11953125
0 0.98125 0.534375 0.0375 0.05546875
0 0.21640625 0.275 0.01484375 0.02421875
0 0.5484375 0.66875 0.021875 0.02265625
0 0.6359375 0.69765625 0.05546875 0.09296875
0 0.76015625 0.65234375 0.02734375 0.02421875
0 0.7046875 0.609375 0.01171875 0.01640625
0 0.98359375 0.721875 0.02734375 0.028125
0 0.4609375 0.66875 0.03671875 0.04921875
0 0.8734375 0.02734375 0.01484375 0.02265625
0 0.37890625 0.68125 0.0265625 0.04375
0 0.76640625 0.7484375 0.09453125 0.11484375
0 0.1796875 0.79609375 0.04453125 0.05859375
0 0.87578125 0.04453125 0.01328125 0.01796875
0 0.75625 0.64375 0.01484375 0.0140625
0 0.94765625 0.04921875 0.0125 0.02109375
0 0.4 0.31953125 0.01640625 0.01796875
0 0.1859375 0.7890625 0.0140625 0.01875
0 0.47578125 0.51953125 0.01328125 0.01328125
0 0.64921875 0.1625 0.01328125 0.01953125
0 0.83046875 0.45390625 0.01015625 0.0125
0 0.9703125 0.27578125 0.0140625 0.01484375
0 0.19140625 0.69921875 0.0140625 0.021875
0 0.1828125 0.7171875 0.01484375 0.0203125
0 0.64921875 0.64921875 0.01015625 0.0140625
0 0.3796875 0.81171875 0.0140625 0.01796875
0 0.365625 0.459375 0.0390625 0.03359375
0 0.7078125 0.0515625 0.01015625 0.01328125
0 0.7234375 0.725 0.0140625 0.0171875
0 0.87265625 0.684375 0.0109375 0.0125
0 0.6390625 0.6796875 0.01328125 0.0171875
0 0.49140625 0.19453125 0.05859375 0.08984375
0 0.58359375 0.275 0.01640625 0.0359375
0 0.33203125 0.34140625 0.0234375 0.0265625
0 0.8796875 0.60078125 0.01015625 0.0125
0 0.32578125 0.08046875 0.06796875 0.09296875
0 0.18984375 0.3421875 0.01015625 0.01171875
0 0.3421875 0.27109375 0.02421875 0.0234375
0 0.1921875 0.37890625 0.01484375 0.025
0 0.0453125 0.784375 0.01328125 0.0140625
0 0.41875 0.3375 0.01171875 0.01328125
0 0.6765625 0.67109375 0.01015625 0.01875
0 0.6015625 0.0171875 0.015625 0.01953125
0 0.25859375 0.02578125 0.015625 0.0171875
0 0.4296875 0.071875 0.021875 0.02265625
0 0.4171875 0.178125 0.09375 0.1375
0 0.3015625 0.10234375 0.01171875 0.015625
0 0.1421875 0.1453125 0.0390625 0.0296875
0 0.2359375 0.10703125 0.03359375 0.0359375
0 0.98515625 0.02421875 0.0171875 0.015625
0 0.2015625 0.69765625 0.01640625 0.0265625
0 0.39140625 0.21640625 0.034375 0.046875
0 0.13203125 0.3109375 0.01875 0.02109375
0 0.35390625 0.3203125 0.040625 0.04375
0 0.3765625 0.24140625 0.0171875 0.01953125
0 0.0359375 0.25234375 0.02578125 0.02578125
0 0.078125 0.1453125 0.05234375 0.078125
0 0.13984375 0.321875 0.01875 0.0328125
0 0.23125 0.69765625 0.021875 0.03515625
0 0.240625 0.7234375 0.015625 0.01484375
0 0.0515625 0.69765625 0.0234375 0.01171875
0 0.40625 0.33515625 0.0203125 0.01953125
0 0.1328125 0.33515625 0.01484375 0.0328125
0 0.2125 0.97109375 0.01171875 0.01328125
0 0.20234375 0.75703125 0.01171875 0.025
0 0.12109375 0.3296875 0.0171875 0.03046875
0 0.22265625 0.0953125 0.0140625 0.01640625
0 0.09140625 0.0265625 0.0296875 0.04140625
0 0.3765625 0.26875 0.0390625 0.05625
0 0.15 0.13203125 0.009375 0.01484375
0 0.3828125 0.5625 0.00703125 0.01171875
0 0.3203125 0.10234375 0.01171875 0.0203125
0 0.6578125 0.0671875 0.13359375 0.12890625
0 0.34140625 0.30078125 0.03046875 0.02421875
0 0.55078125 0.15859375 0.01640625 0.01484375
0 0.1265625 0.084375 0.01015625 0.01328125
0 0.29765625 0.015625 0.01484375 0.0109375
0 0.0171875 0.13515625 0.0140625 0.01796875
0 0.71484375 0.20390625 0.0203125 0.01015625
0 0.25078125 0.09453125 0.0109375 0.0140625
0 0.53671875 0.91015625 0.1296875 0.16796875
0 0.01171875 0.128125 0.0125 0.0171875
0 0.77734375 0.23046875 0.009375 0.01796875
0 0.02265625 0.15078125 0.04453125 0.07734375
0 0.0859375 0.02578125 0.009375 0.01171875
0 0.1375 0.03828125 0.01171875 0.01875
0 0.05390625 0.18984375 0.03203125 0.05703125
0 0.13203125 0.57421875 0.05546875 0.0671875
0 0.215625 0.73203125 0.07578125 0.1
0 0.0671875 0.01796875 0.01484375 0.0109375
0 0.1453125 0.17109375 0.053125 0.09375
0 0.1046875 0.31328125 0.01875 0.00859375
0 0.25078125 0.3875 0.01875 0.01171875
0 0.43046875 0.38515625 0.02890625 0.0328125
0 0.075 0.140625 0.01640625 0.0203125
0 0.5109375 0.93515625 0.01484375 0.0125
0 0.44140625 0.35703125 0.02265625 0.01875
0 0.16171875 0.98046875 0.0140625 0.0109375