0 0.60546875 0.42890625 0.053125 0.07578125
0 0.8625 0.165625 0.05 0.0671875
0 0.8390625 0.28125 0.1140625 0.06015625
0 0.8875 0.35703125 0.0703125 0.0671875
0 0.64609375 0.56953125 0.0515625 0.0734375
0 0.55859375 0.32890625 0.08828125 0.0859375
0 0.4140625 0.08203125 0.0625 0.07421875
0 0.5140625 0.0296875 0.11015625 0.05546875
0 0.6609375 0.0375 0.05 0.04609375
0 0.74140625 0.13671875 0.0359375 0.05390625
0 0.67578125 0.12109375 0.0546875 0.0546875
0 0.653125 0.19609375 0.0453125 0.06328125
0 0.44609375 0.59140625 0.04765625 0.0546875
0 0.478125 0.66015625 0.078125 0.06484375
0 0.5140625 0.57265625 0.0578125 0.0703125
0 0.43671875 0.50078125 0.08046875 0.1140625
0 0.39453125 0.784375 0.028125 0.0546875
0 0.428125 0.74921875 0.0296875 0.0390625
0 0.46484375 0.80078125 0.03125 0.0453125
0 0.55625 0.721875 0.0359375 0.04765625
0 0.73828125 0.82578125 0.05078125 0.04921875
0 0.79375 0.63125 0.046875 0.040625
0 0.69765625 0.6046875 0.05 0.0421875
0 0.75625 0.54140625 0.0484375 0.05390625
0 0.82578125 0.5515625 0.07734375 0.05234375
0 0.940625 0.66875 0.04296875 0.06015625
0 0.71015625 0.43359375 0.10703125 0.08671875
0 0.73671875 0.3609375 0.0375 0.04140625
0 0.98203125 0.2828125 0.0359375 0.06875
0 0.63203125 0.87890625 0.0765625 0.05234375
0 0.428125 0.1671875 0.04765625 0.0421875
0 0.51953125 0.17109375 0.06484375 0.08359375
0 0.6140625 0.6375 0.090625 0.06875
0 0.80859375 0.72890625 0.05390625 0.04765625
0 0.909375 0.7359375 0.065625 0.065625
0 0.9109375 0.41328125 0.04375 0.034375
0 0.42890625 0.328125 0.06328125 0.0578125
0 0.5515625 0.859375 0.07421875 0.0734375
0 0.3375 0.921875 0.07265625 0.08203125