0 0.62109375 0.64609375 0.03984375 0.0390625
0 0.67109375 0.765625 0.0203125 0.0203125
0 0.621875 0.74453125 0.0140625 0.01484375
0 0.6890625 0.7859375 0.03125 0.03984375
0 0.721875 0.246875 0.01640625 0.015625
0 0.58515625 0.42109375 0.0125 0.02265625
0 0.65859375 0.79609375 0.03984375 0.05234375
0 0.5421875 0.209375 0.01328125 0.01640625
0 0.30859375 0.603125 0.01875 0.01640625
0 0.6921875 0.88125 0.03046875 0.03671875
0 0.5359375 0.23203125 0.05234375 0.06171875
0 0.62421875 0.88046875 0.01796875 0.0203125
0 0.47890625 0.3703125 0.0109375 0.0125
0 0.09921875 0.1140625 0.01484375 0.01875
0 0.69453125 0.85546875 0.03203125 0.0375
0 0.56796875 0.30234375 0.01171875 0.015625
0 0.75859375 0.884375 0.021875 0.02578125
0 0.4 0.58359375 0.01015625 0.0171875
0 0.68046875 0.8859375 0.01953125 0.021875
0 0.17890625 0.56171875 0.0140625 0.01796875
0 0.78125 0.67265625 0.02578125 0.0265625
0 0.46796875 0.15078125 0.01171875 0.0140625
0 0.69296875 0.915625 0.03046875 0.0265625
0 0.6390625 0.734375 0.0125 0.015625
0 0.2328125 0.56953125 0.0171875 0.0140625
0 0.63125 0.8640625 0.02109375 0.0203125
0 0.790625 0.6171875 0.01171875 0.015625
0 0.72578125 0.25546875 0.0109375 0.01328125
0 0.2078125 0.62734375 0.01796875 0.0171875
0 0.5890625 0.43515625 0.0109375 0.01484375
0 0.778125 0.66796875 0.01328125 0.0140625
0 0.540625 0.45859375 0.021875 0.0203125
0 0.65 0.81171875 0.01640625 0.01875
0 0.89765625 0.3875 0.015625 0.0140625
0 0.89765625 0.38046875 0.0140625 0.01328125
0 0.434375 0.49609375 0.01953125 0.02109375
0 0.1125 0.625 0.0109375 0.01328125
0 0.68125 0.85078125 0.01796875 0.01953125
0 0.01328125 0.78828125 0.015625 0.0171875
0 0.3921875 0.60859375 0.00859375 0.01328125
0 0.778125 0.946875 0.015625 0.01640625
0 0.45625 0.709375 0.0140625 0.0140625
0 0.05234375 0.04609375 0.0125 0.01484375
0 0.45625 0.65234375 0.0125 0.0140625
0 0.6921875 0.9828125 0.01640625 0.021875
0 0.1140625 0.01171875 0.0171875 0.0171875
0 0.23359375 0.4125 0.01171875 0.01171875
0 0.26796875 0.7421875 0.01640625 0.025
0 0.6125 0.97109375 0.01953125 0.021875
0 0.409375 0.04765625 0.01015625 0.01171875
0 0.21875 0.17890625 0.0203125 0.02265625
0 0.49921875 0.16875 0.0140625 0.01484375
0 0.2890625 0.825 0.01015625 0.0140625
0 0.32890625 0.928125 0.0125 0.01640625
0 0.92265625 0.0125 0.0234375 0.021875
0 0.24921875 0.2328125 0.02890625 0.04140625
0 0.61875 0.86796875 0.015625 0.01796875
0 0.36171875 0.0890625 0.00859375 0.0109375
0 0.5171875 0.1265625 0.00859375 0.01015625
0 0.38203125 0.290625 0.009375 0.01171875
0 0.78046875 0.3734375 0.01015625 0.01171875
0 0.51015625 0.25703125 0.01015625 0.00859375
0 0.26484375 0.196875 0.01015625 0.01328125
0 0.3984375 0.76640625 0.0109375 0.0140625
0 0.853125 0.61796875 0.01328125 0.01015625
0 0.69453125 0.25625 0.0109375 0.00859375
0 0.33203125 0.10390625 0.0125 0.028125
0 0.2328125 0.42265625 0.015625 0.015625
0 0.31953125 0.3875 0.009375 0.01171875
0 0.29296875 0.375 0.0140625 0.02109375
0 0.36015625 0.6953125 0.009375 0.01015625
0 0.74375 0.9296875 0.0140625 0.01484375
0 0.28046875 0.3625 0.01796875 0.02421875
0 0.4453125 0.4796875 0.01328125 0.015625
0 0.6359375 0.2953125 0.0125 0.0125
0 0.29453125 0.40625 0.10625 0.11328125
0 0.89921875 0.01484375 0.0140625 0.0140625
0 0.92578125 0.4125 0.01875 0.02109375
0 0.69609375 0.97890625 0.06640625 0.040625
0 0.19921875 0.53828125 0.009375 0.01015625
0 0.615625 0.20859375 0.01328125 0.01328125
0 0.421875 0.54375 0.01015625 0.015625
0 0.06875 0.50703125 0.01015625 0.01640625
0 0.93046875 0.14453125 0.0109375 0.0109375
0 0.54609375 0.3078125 0.02265625 0.02890625
0 0.32109375 0.7859375 0.00859375 0.01328125
0 0.90546875 0.37890625 0.0125 0.009375
0 0.01171875 0.23671875 0.00703125 0.009375
0 0.9140625 0.30078125 0.01015625 0.0109375
0 0.36796875 0.3078125 0.0125 0.0171875
0 0.871875 0.1125 0.0078125 0.0109375
0 0.2921875 0.6046875 0.00859375 0.0125
0 0.1890625 0.08515625 0.0078125 0.0109375
0 0.14296875 0.96875 0.01171875 0.01171875
0 0.4640625 0.50390625 0.0140625 0.01953125
0 0.69375 0.92734375 0.01640625 0.025
0 0.571875 0.93359375 0.0109375 0.01328125
0 0.32109375 0.80390625 0.02421875 0.025
0 0.840625 0.6640625 0.16328125 0.221875
0 0.66875 0.10703125 0.009375 0.0125
0 0.01640625 0.83515625 0.01328125 0.01640625
0 0.275 0.0625 0.034375 0.10390625
0 0.0703125 0.47265625 0.00625 0.0109375
0 0.5828125 0.57265625 0.01484375 0.0140625
0 0.99609375 0.26796875 0.0078125 0.01875
0 0.325 0.99296875 0.0140625 0.01171875
0 0.0546875 0.98203125 0.01171875 0.01484375
0 0.24140625 0.27890625 0.04453125 0.05859375