0 0.48515625 0.1203125 0.01796875 0.02109375
0 0.415625 0.115625 0.02578125 0.0328125
0 0.57109375 0.13359375 0.02109375 0.0328125
0 0.5921875 0.4578125 0.01796875 0.02265625
0 0.371875 0.23671875 0.0625 0.0796875
0 0.6578125 0.14375 0.03671875 0.034375
0 0.35390625 0.41328125 0.01484375 0.02109375
0 0.17265625 0.6734375 0.01484375 0.02578125
0 0.52421875 0.08984375 0.0578125 0.096875
0 0.44921875 0.16015625 0.0125 0.0171875
0 0.503125 0.2140625 0.01171875 0.01875
0 0.275 0.603125 0.01328125 0.01640625
0 0.5265625 0.51015625 0.0765625 0.10390625
0 0.5765625 0.42265625 0.021875 0.02734375
0 0.2828125 0.62265625 0.01953125 0.01953125
0 0.3515625 0.5890625 0.02890625 0.0421875
0 0.52265625 0.06875 0.015625 0.02421875
0 0.23125 0.6484375 0.0265625 0.03515625
0 0.7609375 0.5234375 0.01953125 0.01796875
0 0.52890625 0.06171875 0.015625 0.025
0 0.396875 0.23046875 0.0109375 0.0140625
0 0.2828125 0.6109375 0.0140625 0.01640625
0 0.7015625 0.39921875 0.01015625 0.01796875
0 0.71953125 0.20625 0.0140625 0.01796875
0 0.3796875 0.78359375 0.01484375 0.01796875
0 0.40546875 0.08671875 0.015625 0.0140625
0 0.17578125 0.66328125 0.0125 0.01328125
0 0.6203125 0.0859375 0.01015625 0.01640625
0 0.72421875 0.18828125 0.015625 0.01796875
0 0.5828125 0.19765625 0.015625 0.01640625
0 0.58046875 0.1890625 0.01328125 0.015625
0 0.478125 0.109375 0.01171875 0.0203125
0 0.45390625 0.57734375 0.0125 0.0125
0 0.59296875 0.11328125 0.009375 0.0125
0 0.1875 0.73046875 0.0125 0.01484375
0 0.64375 0.1375 0.01171875 0.0140625
0 0.01015625 0.63984375 0.01875 0.021875
0 0.26171875 0.63125 0.08984375 0.11953125
0 0.4421875 0.82734375 0.0125 0.01484375
0 0.61875 0.51484375 0.01171875 0.01328125
0 0.10625 0.6859375 0.01015625 0.01640625
0 0.69375 0.134375 0.015625 0.01875
0 0.759375 0.60859375 0.0109375 0.01328125
0 0.7296875 0.68359375 0.0125 0.01328125
0 0.05234375 0.875 0.0265625 0.03984375
0 0.72109375 0.13828125 0.015625 0.01953125
0 0.64140625 0.1796875 0.0109375 0.0140625
0 0.7359375 0.15546875 0.0140625 0.01953125
0 0.625 0.47265625 0.01171875 0.0109375
0 0.7078125 0.43671875 0.01640625 0.01796875
0 0.79453125 0.2296875 0.01484375 0.0171875
0 0.453125 0.475 0.01328125 0.01796875
0 0.75078125 0.496875 0.01484375 0.01328125
0 0.609375 0.3984375 0.0140625 0.015625
0 0.5890625 0.28828125 0.009375 0.015625
0 0.60390625 0.0109375 0.01328125 0.01640625
0 0.6671875 0.140625 0.0140625 0.01484375
0 0.73515625 0.14375 0.0140625 0.01640625
0 0.64609375 0.21015625 0.01953125 0.01953125
0 0.696875 0.42265625 0.0140625 0.0171875
0 0.16484375 0.59921875 0.0078125 0.0109375
0 0.5734375 0.3 0.01484375 0.01953125
0 0.20078125 0.72734375 0.01875 0.02265625
0 0.81484375 0.30078125 0.11015625 0.14609375
0 0.27421875 0.26953125 0.1109375 0.14765625
0 0.4984375 0.8390625 0.02109375 0.0328125
0 0.41015625 0.2625 0.0609375 0.0765625
0 0.1546875 0.615625 0.0390625 0.03984375
0 0.21875 0.98984375 0.0125 0.0140625
0 0.3734375 0.29375 0.03671875 0.0328125
0 0.2328125 0.55078125 0.01796875 0.0203125
0 0.77421875 0.5421875 0.1703125 0.23046875
0 0.39375 0.29375 0.1265625 0.1703125
0 0.53515625 0.69765625 0.01953125 0.01640625
0 0.31875 0.13828125 0.009375 0.0125
0 0.01953125 0.65234375 0.0171875 0.01796875
0 0.1671875 0.30859375 0.1515625 0.209375
0 0.18515625 0.7859375 0.165625 0.20859375
0 0.2328125 0.6296875 0.01875 0.02109375
0 0.8328125 0.11171875 0.01171875 0.0171875
0 0.5171875 0.55546875 0.025 0.0203125
0 0.428125 0.22890625 0.009375 0.0203125
0 0.38359375 0.48671875 0.01484375 0.0203125
0 0.7484375 0.08359375 0.02578125 0.03203125
0 0.8171875 0.0375 0.01171875 0.01328125
0 0.69375 0.7875 0.040625 0.0359375
0 0.5125 0.4578125 0.01015625 0.0140625
0 0.1390625 0.2046875 0.1359375 0.19140625
0 0.1078125 0.70703125 0.01328125 0.01953125
0 0.9765625 0.21015625 0.01484375 0.01875
0 0.375 0.95703125 0.0125 0.01875
0 0.94453125 0.540625 0.009375 0.01328125
0 0.534375 0.33359375 0.03984375 0.05625
0 0.54921875 0.696875 0.14609375 0.24765625
0 0.62109375 0.021875 0.0109375 0.01640625
0 0.81875 0.82265625 0.0375 0.04453125
0 0.74296875 0.465625 0.0125 0.0171875
0 0.134375 0.9953125 0.01171875 0.00859375
0 0.8375 0.98671875 0.015625 0.0171875
0 0.0671875 0.81953125 0.01015625 0.01328125
0 0.690625 0.3375 0.0140625 0.0171875
0 0.28671875 0.96484375 0.05546875 0.05703125
0 0.3734375 0.55 0.02109375 0.021875