0 0.53359375 0.31640625 0.01796875 0.01328125
0 0.61875 0.278125 0.0171875 0.02109375
0 0.628125 0.44375 0.01484375 0.02265625
0 0.615625 0.2640625 0.009375 0.01328125
0 0.75625 0.334375 0.0203125 0.025
0 0.32265625 0.471875 0.0265625 0.028125
0 0.63671875 0.44453125 0.03515625 0.03828125
0 0.78984375 0.37421875 0.01875 0.01796875
0 0.2609375 0.68984375 0.01953125 0.01796875
0 0.6296875 0.3390625 0.0140625 0.015625
0 0.8171875 0.3140625 0.0171875 0.0203125
0 0.47421875 0.8078125 0.0921875 0.10703125
0 0.49453125 0.38984375 0.01640625 0.0125
0 0.63515625 0.66875 0.01796875 0.01875
0 0.40390625 0.58046875 0.01640625 0.015625
0 0.3109375 0.62109375 0.01484375 0.015625
0 0.43203125 0.86484375 0.015625 0.01484375
0 0.459375 0.38046875 0.01640625 0.01875
0 0.6046875 0.3984375 0.01171875 0.0140625
0 0.5671875 0.29765625 0.0109375 0.01328125
0 0.6375 0.61328125 0.0359375 0.03828125
0 0.97578125 0.08984375 0.03203125 0.040625
0 0.7109375 0.6703125 0.04375 0.04921875
0 0.69765625 0.3328125 0.02734375 0.028125
0 0.59921875 0.59921875 0.01796875 0.015625
0 0.575 0.96015625 0.02734375 0.03828125
0 0.47578125 0.36171875 0.0171875 0.0140625
0 0.9734375 0.084375 0.0125 0.01484375
0 0.45625 0.24765625 0.0171875 0.0125
0 0.828125 0.20546875 0.03515625 0.025
0 0.67890625 0.715625 0.0171875 0.0171875
0 0.428125 0.85234375 0.01484375 0.01171875
0 0.53203125 0.934375 0.01171875 0.01796875
0 0.46015625 0.2421875 0.0296875 0.03046875
0 0.39140625 0.43046875 0.01015625 0.01171875
0 0.04296875 0.3203125 0.07734375 0.096875
0 0.57109375 0.95859375 0.01640625 0.01484375
0 0.675 0.85234375 0.0125 0.0140625
0 0.69140625 0.39921875 0.01953125 0.02578125
0 0.55234375 0.78515625 0.01328125 0.015625
0 0.196875 0.06328125 0.0359375 0.040625
0 0.29296875 0.6359375 0.153125 0.17578125
0 0.75078125 0.7125 0.0125 0.01328125
0 0.3625 0.28984375 0.00703125 0.009375
0 0.16015625 0.9 0.01015625 0.0109375
0 0.99609375 0.09765625 0.00703125 0.0125
0 0.3296875 0.35 0.00703125 0.01015625
0 0.31328125 0.2109375 0.01328125 0.01953125
0 0.4828125 0.0171875 0.02734375 0.02734375
0 0.35625 0.04296875 0.0484375 0.0453125
0 0.7328125 0.71796875 0.01796875 0.01640625
0 0.40859375 0.9359375 0.0078125 0.0125
0 0.45 0.41484375 0.00703125 0.009375
0 0.95703125 0.0109375 0.01171875 0.01640625
0 0.125 0.0234375 0.0265625 0.0328125
0 0.96328125 0.121875 0.0109375 0.009375
0 0.18671875 0.11015625 0.0453125 0.03515625
0 0.478125 0.9796875 0.01171875 0.01484375
0 0.03828125 0.6703125 0.0234375 0.03203125
0 0.93125 0.01171875 0.009375 0.01484375
0 0.8078125 0.4609375 0.1875 0.2390625
0 0.22109375 0.2421875 0.0140625 0.01796875
0 0.93359375 0.69765625 0.1328125 0.1765625
0 0.81796875 0.99375 0.0125 0.0125
0 0.06484375 0.04296875 0.01875 0.02265625
0 0.38828125 0.12109375 0.01171875 0.01640625
0 0.48515625 0.02734375 0.06640625 0.0546875
0 0.4890625 0.44296875 0.04609375 0.03984375
0 0.6921875 0.715625 0.0109375 0.01484375
0 0.18828125 0.1578125 0.04921875 0.05859375
0 0.28046875 0.1421875 0.04453125 0.0484375