0 0.36171875 0.0203125 0.01953125 0.01875
0 0.71484375 0.6609375 0.0328125 0.0421875
0 0.278125 0.5609375 0.046875 0.05078125
0 0.88203125 0.290625 0.01171875 0.01640625
0 0.88828125 0.321875 0.01875 0.03671875
0 0.46875 0.71953125 0.02734375 0.03515625
0 0.3640625 0.55 0.02421875 0.028125
0 0.89765625 0.21640625 0.0234375 0.02890625
0 0.7875 0.5046875 0.02265625 0.01796875
0 0.67578125 0.853125 0.03125 0.03203125
0 0.496875 0.4375 0.01953125 0.02421875
0 0.23828125 0.5671875 0.01640625 0.01640625
0 0.240625 0.40859375 0.03515625 0.04765625
0 0.228125 0.21328125 0.03515625 0.0390625
0 0.2703125 0.44765625 0.08203125 0.10546875
0 0.21953125 0.534375 0.025 0.025
0 0.28046875 0.65078125 0.01171875 0.0171875
0 0.04453125 0.20703125 0.01875 0.021875
0 0.35625 0.78671875 0.06796875 0.1
0 0.6859375 0.6 0.0109375 0.01171875
0 0.7984375 0.8875 0.028125 0.028125
0 0.3671875 0.58671875 0.05 0.09296875
0 0.1828125 0.275 0.0390625 0.0609375
0 0.303125 0.3296875 0.0140625 0.03125
0 0.2046875 0.40625 0.015625 0.0203125
0 0.18828125 0.71328125 0.0125 0.01484375
0 0.08203125 0.0921875 0.0359375 0.03984375
0 0.52265625 0.9171875 0.0375 0.05
0 0.228125 0.4265625 0.0140625 0.015625
0 0.4203125 0.05 0.0125 0.0109375
0 0.02578125 0.08671875 0.046875 0.0625
0 0.52890625 0.5453125 0.01171875 0.01640625
0 0.3375 0.778125 0.01640625 0.01953125
0 0.8171875 0.278125 0.0125 0.02265625
0 0.2796875 0.55546875 0.0125 0.01484375
0 0.26328125 0.45703125 0.01171875 0.01328125
0 0.3640625 0.10546875 0.01328125 0.01640625
0 0.72265625 0.56328125 0.01015625 0.01171875
0 0.68984375 0.68359375 0.0125 0.0203125
0 0.22890625 0.45859375 0.0140625 0.01796875
0 0.73203125 0.98046875 0.0140625 0.01796875
0 0.475 0.7328125 0.05859375 0.10390625
0 0.23359375 0.434375 0.0171875 0.01640625
0 0.37265625 0.028125 0.04375 0.04609375
0 0.50703125 0.0984375 0.009375 0.0140625
0 0.7765625 0.60625 0.01328125 0.0234375
0 0.18515625 0.25703125 0.015625 0.01484375
0 0.359375 0.565625 0.0203125 0.0265625
0 0.4390625 0.271875 0.01328125 0.01875
0 0.178125 0.25625 0.0078125 0.0109375
0 0.5953125 0.915625 0.0484375 0.0578125
0 0.4390625 0.04296875 0.0125 0.01328125
0 0.36328125 0.071875 0.01328125 0.0109375
0 0.87578125 0.90546875 0.01015625 0.01640625
0 0.42734375 0.88203125 0.0296875 0.03125
0 0.51953125 0.35390625 0.0109375 0.01171875
0 0.321875 0.71015625 0.009375 0.01171875
0 0.56015625 0.53359375 0.01484375 0.01640625
0 0.3046875 0.203125 0.0078125 0.009375
0 0.3625 0.03046875 0.01171875 0.0125
0 0.9203125 0.928125 0.0125 0.0171875
0 0.46484375 0.7671875 0.02734375 0.021875
0 0.078125 0.7453125 0.0234375 0.02578125
0 0.346875 0.40390625 0.0109375 0.01484375
0 0.83125 0.20625 0.0140625 0.0140625
0 0.08515625 0.73984375 0.009375 0.0125
0 0.61171875 0.43046875 0.0421875 0.0546875
0 0.8515625 0.20390625 0.01171875 0.01875
0 0.85859375 0.36640625 0.0078125 0.01484375
0 0.7828125 0.8984375 0.0125 0.0171875
0 0.13203125 0.75 0.00859375 0.0109375
0 0.35390625 0.4234375 0.009375 0.01640625
0 0.84765625 0.19140625 0.01171875 0.0171875
0 0.840625 0.23046875 0.009375 0.01328125
0 0.35390625 0.140625 0.01015625 0.01015625
0 0.11640625 0.44609375 0.00859375 0.009375
0 0.5796875 0.38203125 0.01328125 0.015625
0 0.41484375 0.35859375 0.0125 0.0140625
0 0.290625 0.4375 0.01171875 0.01171875
0 0.85234375 0.21796875 0.04140625 0.0578125
0 0.09609375 0.63984375 0.01640625 0.0234375
0 0.7375 0.990625 0.015625 0.01484375
0 0.53203125 0.8875 0.0140625 0.01484375
0 0.40859375 0.8390625 0.03984375 0.05390625
0 0.609375 0.76796875 0.08359375 0.13984375
0 0.5375 0.29296875 0.0265625 0.02265625
0 0.20703125 0.215625 0.01171875 0.01015625
0 0.40703125 0.77421875 0.015625 0.01875
0 0.01015625 0.69140625 0.0203125 0.07890625
0 0.2421875 0.81015625 0.00625 0.01015625
0 0.93203125 0.94140625 0.08125 0.10625
0 0.07578125 0.875 0.01171875 0.01328125
0 0.60234375 0.80390625 0.02578125 0.0296875
0 0.51484375 0.90703125 0.01171875 0.01640625
0 0.509375 0.95078125 0.071875 0.0984375
0 0.05 0.2359375 0.090625 0.15859375
0 0.4390625 0.259375 0.01640625 0.021875
0 0.63203125 0.7578125 0.02109375 0.02734375
0 0.78984375 0.93359375 0.07421875 0.1296875
0 0.5765625 0.56796875 0.0109375 0.01015625
0 0.13125 0.95703125 0.01875 0.02890625
0 0.7484375 0.640625 0.153125 0.25625
0 0.47734375 0.99375 0.01640625 0.0125
0 0.3921875 0.740625 0.0125 0.0203125
0 0.06875 0.45625 0.1 0.1796875
0 0.08125 0.903125 0.02734375 0.0234375