0 0.44375 0.2640625 0.02265625 0.02578125
0 0.6421875 0.69375 0.021875 0.01953125
0 0.575 0.2625 0.01953125 0.0203125
0 0.17109375 0.46484375 0.0171875 0.01953125
0 0.34140625 0.30234375 0.02578125 0.02265625
0 0.06015625 0.60703125 0.021875 0.0234375
0 0.5953125 0.59921875 0.0109375 0.015625
0 0.0921875 0.3 0.034375 0.03671875
0 0.42109375 0.146875 0.01171875 0.01875
0 0.7484375 0.6890625 0.03203125 0.0421875
0 0.80546875 0.6953125 0.01328125 0.01328125
0 0.0765625 0.28828125 0.01328125 0.0140625
0 0.853125 0.4015625 0.0140625 0.01484375
0 0.4546875 0.540625 0.01171875 0.0109375
0 0.3140625 0.065625 0.0140625 0.01484375
0 0.98828125 0.31953125 0.0140625 0.01796875
0 0.859375 0.6859375 0.01015625 0.01328125
0 0.3921875 0.3140625 0.009375 0.0125
0 0.27109375 0.55 0.0421875 0.0375
0 0.15625 0.478125 0.00859375 0.0125
0 0.865625 0.09296875 0.0109375 0.01171875
0 0.590625 0.790625 0.01328125 0.0171875
0 0.25390625 0.47734375 0.01328125 0.01171875
0 0.3921875 0.47734375 0.01015625 0.0109375
0 0.59375 0.62265625 0.00703125 0.01171875
0 0.62890625 0.46171875 0.00859375 0.01328125
0 0.08984375 0.146875 0.0125 0.01640625
0 0.8625 0.690625 0.0234375 0.0296875
0 0.1890625 0.46171875 0.0125 0.015625
0 0.1859375 0.4703125 0.01875 0.02734375
0 0.12109375 0.2203125 0.01015625 0.0125
0 0.2609375 0.55546875 0.0140625 0.01484375
0 0.13671875 0.1390625 0.01171875 0.01328125
0 0.346875 0.94140625 0.028125 0.03359375
0 0.8484375 0.4234375 0.0109375 0.0125
0 0.8078125 0.34921875 0.0171875 0.01796875
0 0.82109375 0.21640625 0.009375 0.01171875
0 0.88984375 0.0296875 0.01953125 0.03046875
0 0.68046875 0.1625 0.01015625 0.0125
0 0.86796875 0.45078125 0.00859375 0.01328125
0 0.83359375 0.365625 0.009375 0.01328125
0 0.74765625 0.81171875 0.02265625 0.0203125
0 0.97109375 0.3609375 0.0109375 0.015625
0 0.78984375 0.85234375 0.01875 0.02109375
0 0.18203125 0.646875 0.01171875 0.01484375
0 0.83125 0.1515625 0.009375 0.01484375
0 0.9578125 0.5484375 0.01640625 0.0359375
0 0.84453125 0.44921875 0.00859375 0.0125
0 0.43203125 0.115625 0.0125 0.015625
0 0.83359375 0.5140625 0.00859375 0.0125
0 0.8578125 0.22890625 0.0109375 0.0125
0 0.6609375 0.5515625 0.0078125 0.009375
0 0.7875 0.3265625 0.01015625 0.009375
0 0.71015625 0.03203125 0.009375 0.01171875
0 0.20703125 0.78203125 0.0109375 0.02109375
0 0.3 0.3890625 0.01796875 0.0171875
0 0.453125 0.78671875 0.01015625 0.0140625
0 0.603125 0.36640625 0.0078125 0.009375
0 0.9109375 0.6484375 0.01015625 0.0125
0 0.78515625 0.584375 0.00703125 0.01015625
0 0.47578125 0.3296875 0.0109375 0.01015625
0 0.8734375 0.784375 0.0109375 0.0125
0 0.46875 0.72109375 0.00859375 0.0109375
0 0.98984375 0.1375 0.01953125 0.03828125
0 0.8484375 0.31796875 0.00859375 0.01015625
0 0.053125 0.60703125 0.00859375 0.01328125
0 0.41484375 0.69609375 0.01328125 0.01953125
0 0.85234375 0.6140625 0.00546875 0.0125
0 0.80390625 0.90234375 0.01328125 0.01171875
0 0.75703125 0.44921875 0.00703125 0.009375
0 0.20234375 0.78203125 0.01015625 0.01328125
0 0.721875 0.0296875 0.03359375 0.028125
0 0.21484375 0.771875 0.009375 0.01171875
0 0.82734375 0.38984375 0.0078125 0.01015625
0 0.74375 0.80078125 0.0078125 0.0109375
0 0.85859375 0.5296875 0.0078125 0.00859375
0 0.7921875 0.3296875 0.00859375 0.0078125
0 0.6359375 0.69765625 0.01015625 0.01328125
0 0.7765625 0.759375 0.009375 0.01015625
0 0.8265625 0.16953125 0.00703125 0.0140625
0 0.52421875 0.12421875 0.00859375 0.01015625
0 0.80234375 0.28125 0.00859375 0.01171875
0 0.8078125 0.28671875 0.009375 0.0125
0 0.03359375 0.86875 0.0078125 0.01171875
0 0.8234375 0.740625 0.00703125 0.0125
0 0.9515625 0.29375 0.0140625 0.01171875
0 0.965625 0.6046875 0.00703125 0.01015625
0 0.70546875 0.13984375 0.0296875 0.034375
0 0.715625 0.75078125 0.0078125 0.01171875
0 0.803125 0.35234375 0.00703125 0.0109375
0 0.90390625 0.771875 0.0078125 0.0125
0 0.86640625 0.21875 0.00703125 0.00859375
0 0.9234375 0.94140625 0.0140625 0.01484375
0 0.94296875 0.7546875 0.0109375 0.0125
0 0.8078125 0.7015625 0.0125 0.0125
0 0.83515625 0.13984375 0.01015625 0.01015625
0 0.1609375 0.93828125 0.00859375 0.0140625
0 0.8734375 0.47109375 0.0078125 0.01328125
0 0.7796875 0.9484375 0.01015625 0.0109375
0 0.7484375 0.9125 0.00859375 0.01328125
0 0.5859375 0.96015625 0.01015625 0.0140625
0 0.53515625 0.1390625 0.0109375 0.0171875
0 0.734375 0.90546875 0.0078125 0.0109375
0 0.63984375 0.16484375 0.00703125 0.009375
0 0.9640625 0.471875 0.00703125 0.0109375
0 0.74140625 0.88671875 0.00703125 0.01171875
0 0.6765625 0.9765625 0.009375 0.0125
0 0.30625 0.1 0.0171875 0.02109375
0 0.68828125 0.815625 0.0078125 0.009375
0 0.996875 0.11015625 0.00546875 0.00859375
0 0.8109375 0.8765625 0.0078125 0.01015625
0 0.76953125 0.9484375 0.00703125 0.0109375
0 0.89375 0.96953125 0.01484375 0.0171875
0 0.93984375 0.95546875 0.01640625 0.015625
0 0.74921875 0.84609375 0.00703125 0.01171875
0 0.22109375 0.43203125 0.01640625 0.0296875
0 0.975 0.03515625 0.0109375 0.0109375
0 0.7546875 0.9796875 0.00703125 0.009375
0 0.6625 0.9546875 0.0078125 0.01015625
0 0.8796875 0.5890625 0.0125 0.05234375
0 0.66484375 0.32421875 0.01796875 0.03046875
0 0.63828125 0.9921875 0.009375 0.0109375
0 0.45078125 0.19765625 0.0203125 0.02890625
0 0.90390625 0.2421875 0.0359375 0.03203125
0 0.5890625 0.19765625 0.078125 0.08671875