0 0.93828125 0.62890625 0.04609375 0.0796875
0 0.48515625 0.73828125 0.02265625 0.0234375
0 0.48671875 0.74765625 0.0375 0.0515625
0 0.78828125 0.12265625 0.03046875 0.0328125
0 0.7125 0.13046875 0.0609375 0.08125
0 0.08984375 0.715625 0.0296875 0.03515625
0 0.8890625 0.10703125 0.01796875 0.0171875
0 0.1640625 0.24375 0.01875 0.02578125
0 0.74453125 0.2234375 0.01328125 0.0171875
0 0.93984375 0.2765625 0.01796875 0.02265625
0 0.4953125 0.6046875 0.01953125 0.01875
0 0.55703125 0.80859375 0.0421875 0.0546875
0 0.79140625 0.9078125 0.0203125 0.0203125
0 0.3359375 0.47890625 0.0578125 0.07109375
0 0.6109375 0.40859375 0.01640625 0.02578125
0 0.225 0.7078125 0.01953125 0.02109375
0 0.87578125 0.375 0.04609375 0.05625
0 0.4796875 0.65078125 0.01953125 0.01640625
0 0.8296875 0.02578125 0.0140625 0.015625
0 0.50625 0.9671875 0.028125 0.040625
0 0.94296875 0.60546875 0.01171875 0.01328125
0 0.64375 0.084375 0.09453125 0.121875
0 0.83828125 0.621875 0.03359375 0.04609375
0 0.6578125 0.0734375 0.01171875 0.0125
0 0.86953125 0.26953125 0.0140625 0.01796875
0 0.86875 0.36875 0.0203125 0.01953125
0 0.86953125 0.76875 0.01484375 0.02109375
0 0.24765625 0.546875 0.009375 0.015625
0 0.87890625 0.77109375 0.06171875 0.0671875
0 0.8125 0.634375 0.0125 0.01796875
0 0.60625 0.178125 0.01171875 0.0125
0 0.846875 0.1546875 0.01953125 0.0234375
0 0.128125 0.703125 0.03125 0.025
0 0.31953125 0.46640625 0.01171875 0.0125
0 0.5609375 0.103125 0.0109375 0.01484375
0 0.90546875 0.11171875 0.0140625 0.01328125
0 0.6078125 0.428125 0.0125 0.02265625
0 0.646875 0.0765625 0.01328125 0.015625
0 0.91875 0.12890625 0.01328125 0.015625
0 0.16953125 0.2265625 0.0125 0.015625
0 0.8203125 0.040625 0.05078125 0.06328125
0 0.2453125 0.34453125 0.00859375 0.01328125
0 0.81171875 0.0515625 0.01484375 0.01875
0 0.3890625 0.66015625 0.021875 0.03203125
0 0.91796875 0.94921875 0.0578125 0.0734375
0 0.821875 0.92578125 0.0765625 0.0953125
0 0.35 0.65390625 0.01875 0.02421875
0 0.68203125 0.6578125 0.04453125 0.03203125
0 0.33046875 0.6765625 0.01875 0.01953125
0 0.54921875 0.62109375 0.01015625 0.01328125
0 0.5609375 0.721875 0.0171875 0.01484375
0 0.31953125 0.6546875 0.01875 0.01875
0 0.7984375 0.85703125 0.0109375 0.0125
0 0.5984375 0.36875 0.0140625 0.0171875
0 0.3640625 0.684375 0.02109375 0.0171875
0 0.6046875 0.54296875 0.009375 0.0109375
0 0.81796875 0.01875 0.01328125 0.015625
0 0.4484375 0.58515625 0.02265625 0.0234375
0 0.6390625 0.23046875 0.01328125 0.01484375
0 0.34375 0.6953125 0.021875 0.02421875
0 0.3296875 0.8171875 0.0109375 0.0140625
0 0.0453125 0.7 0.0203125 0.034375
0 0.13984375 0.68828125 0.0390625 0.028125
0 0.7765625 0.88203125 0.01015625 0.01328125
0 0.0484375 0.340625 0.009375 0.02265625
0 0.90078125 0.7453125 0.00859375 0.01328125
0 0.628125 0.3046875 0.0109375 0.0109375
0 0.778125 0.68984375 0.0296875 0.0203125
0 0.23203125 0.78125 0.08984375 0.11484375
0 0.1359375 0.5625 0.0125 0.0109375
0 0.475 0.50859375 0.01953125 0.01640625
0 0.30234375 0.290625 0.0140625 0.01953125
0 0.2796875 0.6171875 0.02265625 0.0265625
0 0.78359375 0.8078125 0.01328125 0.01171875
0 0.66484375 0.43046875 0.015625 0.01875
0 0.91328125 0.496875 0.00859375 0.0109375
0 0.2921875 0.034375 0.05 0.05859375
0 0.3453125 0.6828125 0.0125 0.01640625
0 0.8171875 0.5859375 0.0171875 0.02265625
0 0.46015625 0.1390625 0.0171875 0.01953125
0 0.4109375 0.05859375 0.01875 0.0328125
0 0.57734375 0.58125 0.0109375 0.01328125
0 0.66875 0.55234375 0.009375 0.01640625
0 0.84375 0.50546875 0.009375 0.01328125
0 0.79765625 0.596875 0.04296875 0.03515625
0 0.6859375 0.7484375 0.01015625 0.01171875
0 0.36875 0.66328125 0.0234375 0.0203125
0 0.26875 0.1453125 0.00859375 0.00859375
0 0.81328125 0.56875 0.01875 0.02109375
0 0.87734375 0.275 0.01171875 0.01171875
0 0.415625 0.3671875 0.0125 0.01171875
0 0.77890625 0.5703125 0.009375 0.01484375
0 0.8953125 0.4359375 0.0125 0.02109375
0 0.55390625 0.69375 0.0125 0.015625
0 0.8296875 0.55390625 0.01953125 0.025
0 0.521875 0.70703125 0.0171875 0.01484375
0 0.853125 0.603125 0.0125 0.0125
0 0.2671875 0.50859375 0.04140625 0.0328125
0 0.54765625 0.70703125 0.01015625 0.01796875
0 0.1 0.27109375 0.00859375 0.0171875
0 0.30234375 0.428125 0.0109375 0.0109375
0 0.4765625 0.4984375 0.02109375 0.01640625
0 0.0828125 0.7296875 0.0078125 0.0125
0 0.25 0.31015625 0.0140625 0.0140625
0 0.5484375 0.6796875 0.00859375 0.01640625
0 0.6203125 0.36171875 0.0109375 0.01015625
0 0.1609375 0.05390625 0.0765625 0.0984375
0 0.609375 0.3453125 0.0078125 0.0109375
0 0.8609375 0.759375 0.01796875 0.0125
0 0.9015625 0.09453125 0.009375 0.0125
0 0.31484375 0.3296875 0.01015625 0.009375
0 0.92734375 0.0609375 0.01796875 0.01796875
0 0.35546875 0.81953125 0.13046875 0.1640625
0 0.79921875 0.5546875 0.009375 0.0125
0 0.08671875 0.2109375 0.0125 0.015625
0 0.48203125 0.20859375 0.028125 0.0234375
0 0.4421875 0.98984375 0.0296875 0.01953125
0 0.79375 0.88046875 0.01015625 0.0109375
0 0.15234375 0.97734375 0.009375 0.0109375
0 0.55859375 0.30625 0.03046875 0.03359375
0 0.54765625 0.33828125 0.0109375 0.01328125
0 0.171875 0.025 0.0140625 0.01796875
0 0.15078125 0.053125 0.01015625 0.01484375
0 0.99609375 0.53359375 0.0078125 0.0453125
0 0.6390625 0.35546875 0.03203125 0.03203125
0 0.9390625 0.06953125 0.1203125 0.12734375
0 0.9984375 0.478125 0.003125 0.015625
0 0.003125 0.59140625 0.00625 0.009375
0 0.0359375 0.87578125 0.00625 0.01171875
0 0.48515625 0.975 0.0078125 0.01640625
0 0.3390625 0.63203125 0.0265625 0.0125