0 0.8171875 0.3 0.04453125 0.06171875
0 0.9109375 0.1078125 0.04765625 0.06484375
0 0.74296875 0.0734375 0.0265625 0.02890625
0 0.14609375 0.04453125 0.02265625 0.01953125
0 0.5703125 0.08046875 0.01171875 0.01328125
0 0.709375 0.24453125 0.0171875 0.02109375
0 0.8125 0.32265625 0.0140625 0.01328125
0 0.7765625 0.26953125 0.01328125 0.0171875
0 0.10546875 0.59375 0.0125 0.01796875
0 0.1609375 0.6140625 0.01640625 0.0203125
0 0.6046875 0.1296875 0.0140625 0.01796875
0 0.5765625 0.078125 0.0296875 0.03125
0 0.584375 0.06953125 0.0140625 0.01796875
0 0.1390625 0.05625 0.01875 0.0140625
0 0.89375 0.06484375 0.0171875 0.01875
0 0.53203125 0.33125 0.01171875 0.015625
0 0.0578125 0.85078125 0.02109375 0.0234375
0 0.6078125 0.1515625 0.0140625 0.0171875
0 0.359375 0.75 0.009375 0.015625
0 0.78046875 0.1515625 0.01875 0.02421875
0 0.17421875 0.06171875 0.01484375 0.01328125
0 0.37109375 0.96796875 0.0140625 0.01875
0 0.4671875 0.203125 0.01640625 0.0265625
0 0.26953125 0.346875 0.03125 0.028125
0 0.296875 0.05078125 0.01796875 0.015625
0 0.12890625 0.04765625 0.0125 0.0109375
0 0.5765625 0.4109375 0.01015625 0.0140625
0 0.94453125 0.29453125 0.0125 0.01484375
0 0.13984375 0.0375 0.01015625 0.0125
0 0.690625 0.01328125 0.03828125 0.025
0 0.13671875 0.23203125 0.09765625 0.11171875
0 0.94609375 0.28046875 0.02265625 0.02578125
0 0.72421875 0.32421875 0.0171875 0.01875
0 0.153125 0.05859375 0.0140625 0.01171875
0 0.84375 0.28125 0.01015625 0.01328125
0 0.834375 0.27734375 0.0109375 0.01171875
0 0.6 0.1609375 0.0359375 0.03984375
0 0.809375 0.6234375 0.0296875 0.03984375
0 0.3625 0.596875 0.02578125 0.02890625
0 0.9609375 0.17890625 0.015625 0.0171875
0 0.54765625 0.42421875 0.13828125 0.16484375
0 0.24609375 0.3421875 0.01171875 0.01640625
0 0.36875 0.95703125 0.01171875 0.0140625
0 0.60078125 0.6921875 0.01875 0.025
0 0.725 0.98125 0.01953125 0.025
0 0.6546875 0.82734375 0.01640625 0.01640625
0 0.74296875 0.18203125 0.01484375 0.0125
0 0.16484375 0.05546875 0.01015625 0.01171875
0 0.22734375 0.8890625 0.0140625 0.01328125
0 0.69296875 0.65703125 0.0140625 0.0171875
0 0.0109375 0.14375 0.0125 0.0125
0 0.1359375 0.34453125 0.01015625 0.01484375
0 0.4484375 0.70546875 0.0234375 0.0203125
0 0.746875 0.5171875 0.0140625 0.01328125
0 0.79296875 0.1546875 0.01640625 0.0171875
0 0.98125 0.309375 0.0234375 0.0140625
0 0.71875 0.3828125 0.01640625 0.0171875
0 0.946875 0.89140625 0.01171875 0.0171875
0 0.103125 0.93828125 0.009375 0.0109375
0 0.77734375 0.37890625 0.009375 0.0125
0 0.9890625 0.09140625 0.0171875 0.02421875
0 0.27109375 0.20546875 0.0421875 0.05546875
0 0.9078125 0.8828125 0.009375 0.01328125
0 0.428125 0.83125 0.0125 0.01640625
0 0.16484375 0.41015625 0.0140625 0.0171875
0 0.996875 0.54296875 0.00546875 0.01328125
0 0.24765625 0.41953125 0.12734375 0.09765625
0 0.57421875 0.3359375 0.0171875 0.02109375
0 0.6359375 0.63359375 0.01640625 0.0125
0 0.7171875 0.990625 0.0109375 0.01796875
0 0.89921875 0.92109375 0.01328125 0.01875
0 0.45 0.95078125 0.0078125 0.01875
0 0.1390625 0.38203125 0.0109375 0.0125
0 0.20390625 0.36953125 0.01171875 0.0171875
0 0.9703125 0.9453125 0.009375 0.0140625
0 0.41171875 0.9921875 0.0203125 0.015625
0 0.95703125 0.66484375 0.0078125 0.01484375
0 0.79609375 0.38671875 0.20625 0.24375
0 0.0828125 0.11875 0.009375 0.015625
0 0.23671875 0.79453125 0.00859375 0.0125
0 0.87421875 0.68203125 0.015625 0.01953125