0 0.23359375 0.05546875 0.02421875 0.0265625
0 0.50234375 0.60234375 0.028125 0.03125
0 0.56953125 0.575 0.03515625 0.053125
0 0.57734375 0.4953125 0.02578125 0.03828125
0 0.51640625 0.15 0.021875 0.0265625
0 0.53046875 0.0671875 0.01953125 0.021875
0 0.509375 0.46796875 0.0234375 0.0328125
0 0.5609375 0.18671875 0.0421875 0.05234375
0 0.69453125 0.5953125 0.021875 0.02890625
0 0.91640625 0.58984375 0.0296875 0.03828125
0 0.565625 0.6109375 0.015625 0.01484375
0 0.5421875 0.07734375 0.01484375 0.021875
0 0.6296875 0.7171875 0.06875 0.0953125
0 0.56875 0.17109375 0.015625 0.01875
0 0.29453125 0.32578125 0.01484375 0.01953125
0 0.5046875 0.26328125 0.021875 0.0203125
0 0.4625 0.26953125 0.01875 0.01953125
0 0.27421875 0.140625 0.0125 0.01640625
0 0.34296875 0.24453125 0.03125 0.03359375
0 0.5859375 0.525 0.021875 0.02890625
0 0.3796875 0.28359375 0.01875 0.025
0 0.2703125 0.209375 0.0109375 0.01171875
0 0.278125 0.13359375 0.0234375 0.0328125
0 0.5109375 0.08046875 0.0234375 0.02734375
0 0.421875 0.121875 0.0296875 0.0296875
0 0.5328125 0.19453125 0.01484375 0.021875
0 0.67890625 0.578125 0.02734375 0.0359375
0 0.28203125 0.2375 0.0078125 0.009375
0 0.56328125 0.56796875 0.01875 0.021875
0 0.35546875 0.17734375 0.009375 0.01171875
0 0.30546875 0.046875 0.03984375 0.0453125
0 0.37734375 0.28828125 0.00859375 0.0109375
0 0.48359375 0.9375 0.01875 0.025
0 0.175 0.1 0.009375 0.0078125
0 0.20078125 0.83984375 0.02421875 0.02578125
0 0.73359375 0.2859375 0.01484375 0.0203125
0 0.60234375 0.39375 0.021875 0.028125
0 0.63046875 0.66484375 0.0125 0.0140625
0 0.6625 0.334375 0.025 0.03203125
0 0.59765625 0.9015625 0.0125 0.0140625
0 0.9015625 0.2609375 0.02421875 0.02421875
0 0.0234375 0.91484375 0.02109375 0.02265625
0 0.28203125 0.575 0.02265625 0.02890625
0 0.178125 0.47734375 0.01015625 0.0140625
0 0.79375 0.421875 0.0296875 0.03203125
0 0.8375 0.2796875 0.0421875 0.04375
0 0.878125 0.39140625 0.02890625 0.0328125
0 0.48671875 0.221875 0.021875 0.02578125
0 0.98515625 0.4390625 0.02578125 0.034375
0 0.8984375 0.3375 0.03046875 0.03828125
0 0.75078125 0.5078125 0.021875 0.028125
0 0.92890625 0.9015625 0.01328125 0.01484375
0 0.71171875 0.94921875 0.021875 0.03125
0 0.76875 0.3421875 0.025 0.02890625
0 0.50390625 0.04921875 0.01796875 0.02734375
0 0.7921875 0.28359375 0.02578125 0.0296875
0 0.06875 0.20390625 0.02734375 0.02421875
0 0.803125 0.559375 0.03046875 0.03671875
0 0.23125 0.14921875 0.0234375 0.0234375
0 0.9453125 0.46484375 0.03046875 0.03203125
0 0.98515625 0.28984375 0.015625 0.02421875
0 0.934375 0.409375 0.02578125 0.03515625
0 0.2328125 0.6171875 0.02265625 0.02890625
0 0.915625 0.55625 0.0140625 0.015625
0 0.90546875 0.36015625 0.025 0.02890625
0 0.95625 0.5625 0.01875 0.0265625
0 0.93828125 0.3015625 0.0203125 0.0296875
0 0.31796875 0.44375 0.00859375 0.009375
0 0.9515625 0.953125 0.03203125 0.040625
0 0.9046875 0.565625 0.0109375 0.0125
0 0.84453125 0.4453125 0.0296875 0.03203125
0 0.9796875 0.87578125 0.0234375 0.028125
0 0.8796875 0.5046875 0.03046875 0.03828125
0 0.6578125 0.3578125 0.034375 0.04921875
0 0.64375 0.20625 0.025 0.03203125
0 0.17421875 0.25625 0.0125 0.02109375
0 0.17421875 0.23125 0.00703125 0.01015625
0 0.89140625 0.21953125 0.0234375 0.03203125
0 0.81640625 0.4578125 0.028125 0.0328125
0 0.99296875 0.61484375 0.0140625 0.0359375
0 0.74140625 0.709375 0.02890625 0.03515625
0 0.18984375 0.66484375 0.0140625 0.0125
0 0.8359375 0.35 0.0359375 0.040625
0 0.7625 0.03984375 0.02109375 0.028125
0 0.7875 0.503125 0.02265625 0.0359375
0 0.17265625 0.4875 0.025 0.0328125
0 0.86875 0.590625 0.0359375 0.0421875
0 0.16953125 0.496875 0.00859375 0.0109375
0 0.98671875 0.76640625 0.0265625 0.03671875
0 0.8890625 0.61484375 0.0265625 0.034375
0 0.8453125 0.12890625 0.0203125 0.021875
0 0.06875 0.525 0.0171875 0.025
0 0.93046875 0.51328125 0.03125 0.03984375
0 0.93828125 0.88828125 0.00859375 0.0109375
0 0.859375 0.82265625 0.0109375 0.01640625
0 0.18203125 0.2671875 0.009375 0.01015625
0 0.80390625 0.17265625 0.0296875 0.02734375
0 0.9828125 0.10625 0.01484375 0.02109375
0 0.19296875 0.603125 0.0234375 0.028125
0 0.10078125 0.68203125 0.00859375 0.01015625
0 0.571875 0.075 0.03046875 0.0375
0 0.165625 0.27109375 0.01171875 0.0109375
0 0.71171875 0.075 0.02734375 0.03125
0 0.7640625 0.12890625 0.0265625 0.0296875
0 0.6234375 0.96796875 0.0125 0.01796875
0 0.8390625 0.7984375 0.0109375 0.015625
0 0.7296875 0.35625 0.03203125 0.03828125
0 0.221875 0.228125 0.00859375 0.0125
0 0.6890625 0.15390625 0.028125 0.03359375