0 0.50625 0.253125 0.0484375 0.06640625
0 0.321875 0.5875 0.0203125 0.021875
0 0.584375 0.07421875 0.0125 0.01796875
0 0.346875 0.5515625 0.07109375 0.07734375
0 0.2671875 0.678125 0.01640625 0.0203125
0 0.61328125 0.08125 0.015625 0.01640625
0 0.50625 0.2359375 0.01640625 0.0125
0 0.58828125 0.084375 0.02734375 0.03671875
0 0.0796875 0.23984375 0.01015625 0.01328125
0 0.53828125 0.9546875 0.059375 0.06328125
0 0.17109375 0.0625 0.009375 0.0109375
0 0.4796875 0.0234375 0.0125 0.0140625
0 0.47734375 0.0890625 0.01015625 0.015625
0 0.190625 0.74921875 0.0125 0.01328125
0 0.40703125 0.4125 0.01171875 0.0125
0 0.13046875 0.1 0.01484375 0.01796875
0 0.12578125 0.56171875 0.01484375 0.0171875
0 0.94609375 0.278125 0.01015625 0.0140625
0 0.584375 0.359375 0.00859375 0.0109375
0 0.80859375 0.07109375 0.009375 0.009375
0 0.9484375 0.2890625 0.0109375 0.0125
0 0.5953125 0.89140625 0.0296875 0.01953125
0 0.41875 0.384375 0.0078125 0.01015625
0 0.915625 0.1765625 0.03046875 0.028125
0 0.884375 0.390625 0.009375 0.01171875
0 0.4984375 0.221875 0.0125 0.01796875
0 0.5234375 0.05234375 0.0375 0.0484375
0 0.91171875 0.3671875 0.009375 0.01171875
0 0.3890625 0.02734375 0.03515625 0.046875
0 0.9703125 0.2578125 0.01171875 0.01328125
0 0.1703125 0.04609375 0.00703125 0.009375
0 0.5796875 0.35078125 0.009375 0.0140625
0 0.375 0.41953125 0.0359375 0.03203125
0 0.08046875 0.9671875 0.01015625 0.0140625
0 0.753125 0.890625 0.01171875 0.0125
0 0.93828125 0.53046875 0.0140625 0.01328125
0 0.28828125 0.5515625 0.01328125 0.01484375
0 0.31015625 0.64609375 0.01015625 0.0125
0 0.69609375 0.3921875 0.01328125 0.015625
0 0.50234375 0.3390625 0.06953125 0.0921875
0 0.7375 0.42421875 0.01015625 0.0140625
0 0.58046875 0.89296875 0.0109375 0.01171875
0 0.23359375 0.87890625 0.015625 0.015625
0 0.6796875 0.83515625 0.015625 0.01875
0 0.59375 0.77890625 0.06015625 0.06328125
0 0.5296875 0.93125 0.009375 0.01015625
0 0.546875 0.93359375 0.0140625 0.0109375
0 0.58359375 0.1453125 0.0078125 0.0109375
0 0.4859375 0.8390625 0.01328125 0.01796875
0 0.55078125 0.6734375 0.015625 0.02109375
0 0.32265625 0.2203125 0.0109375 0.009375
0 0.8859375 0.3984375 0.0171875 0.02734375
0 0.51875 0.97265625 0.01171875 0.0140625
0 0.0671875 0.45546875 0.0140625 0.01640625
0 0.234375 0.428125 0.078125 0.0859375
0 0.71015625 0.190625 0.09765625 0.11015625
0 0.23046875 0.7765625 0.009375 0.01328125
0 0.52890625 0.86953125 0.009375 0.01015625
0 0.31796875 0.02578125 0.02578125 0.0390625
0 0.5171875 0.4546875 0.1078125 0.1171875
0 0.046875 0.6484375 0.0109375 0.0078125
0 0.16796875 0.81171875 0.009375 0.01484375
0 0.3453125 0.31875 0.0109375 0.01640625
0 0.2078125 0.20390625 0.0203125 0.01953125
0 0.3515625 0.9015625 0.01640625 0.0203125
0 0.5203125 0.959375 0.00859375 0.01171875
0 0.36328125 0.50703125 0.00859375 0.01015625
0 0.63515625 0.8859375 0.08515625 0.128125
0 0.365625 0.30703125 0.0109375 0.0171875
0 0.9859375 0.1 0.01796875 0.0203125
0 0.6578125 0.1578125 0.02109375 0.015625
0 0.0953125 0.97734375 0.00703125 0.01015625
0 0.80390625 0.025 0.02890625 0.0328125
0 0.80390625 0.01875 0.01484375 0.0140625
0 0.26640625 0.60546875 0.0125 0.0125