0 0.459375 0.471875 0.028125 0.02578125
0 0.6171875 0.4953125 0.01875 0.02109375
0 0.8015625 0.50390625 0.015625 0.0171875
0 0.44140625 0.4625 0.021875 0.01875
0 0.0453125 0.37265625 0.0359375 0.03671875
0 0.65 0.4625 0.02578125 0.02265625
0 0.628125 0.49453125 0.0453125 0.0578125
0 0.05859375 0.78828125 0.0140625 0.0171875
0 0.06015625 0.465625 0.0109375 0.0140625
0 0.11640625 0.51640625 0.01328125 0.01875
0 0.9578125 0.42734375 0.015625 0.02265625
0 0.2125 0.565625 0.034375 0.03984375
0 0.09140625 0.909375 0.01953125 0.0203125
0 0.11484375 0.52734375 0.0296875 0.03515625
0 0.96015625 0.43046875 0.06796875 0.08671875
0 0.6734375 0.5546875 0.01953125 0.021875
0 0.3203125 0.471875 0.0203125 0.0171875
0 0.04609375 0.36328125 0.01171875 0.0140625
0 0.63125 0.48125 0.01328125 0.0203125
0 0.48125 0.46953125 0.01328125 0.01171875
0 0.96484375 0.37734375 0.046875 0.0546875
0 0.05703125 0.4578125 0.009375 0.01171875
0 0.45390625 0.459375 0.0109375 0.01171875
0 0.02421875 0.2484375 0.0109375 0.0171875
0 0.3484375 0.7546875 0.01640625 0.015625
0 0.56953125 0.89296875 0.01171875 0.0203125
0 0.28984375 0.54453125 0.01015625 0.01484375
0 0.0703125 0.45 0.01015625 0.0125
0 0.9625 0.42421875 0.0125 0.0140625
0 0.06484375 0.45625 0.0265625 0.0328125
0 0.31171875 0.4890625 0.0625 0.0671875
0 0.9265625 0.88046875 0.03828125 0.05703125
0 0.0140625 0.62265625 0.021875 0.03359375
0 0.39453125 0.97265625 0.01640625 0.01796875
0 0.434375 0.38515625 0.009375 0.01171875
0 0.0390625 0.38671875 0.0109375 0.015625
0 0.28203125 0.54453125 0.01015625 0.0140625
0 0.4765625 0.77734375 0.009375 0.01328125
0 0.85 0.40234375 0.0140625 0.0203125
0 0.49609375 0.3625 0.01875 0.02421875
0 0.3109375 0.8296875 0.01328125 0.01328125
0 0.1140625 0.578125 0.071875 0.09921875
0 0.05546875 0.60859375 0.009375 0.0109375
0 0.096875 0.55390625 0.01015625 0.0140625
0 0.034375 0.54765625 0.01171875 0.015625
0 0.0296875 0.86640625 0.0109375 0.015625
0 0.5203125 0.5796875 0.0078125 0.0109375
0 0.5765625 0.88515625 0.03125 0.021875
0 0.0359375 0.87421875 0.028125 0.0359375
0 0.59296875 0.36953125 0.0109375 0.0125
0 0.1609375 0.3203125 0.01640625 0.01953125
0 0.6453125 0.3203125 0.01328125 0.02578125
0 0.78828125 0.925 0.015625 0.01640625
0 0.0171875 0.8875 0.00859375 0.01171875
0 0.59453125 0.92890625 0.06796875 0.10078125
0 0.209375 0.76953125 0.0140625 0.009375
0 0.07109375 0.97109375 0.05703125 0.04921875
0 0.52265625 0.47578125 0.01015625 0.00859375
0 0.5859375 0.0296875 0.0609375 0.0546875
0 0.2140625 0.93359375 0.009375 0.01328125
0 0.26953125 0.9546875 0.02109375 0.021875
0 0.9875 0.60390625 0.0125 0.0140625
0 0.85625 0.96015625 0.015625 0.01640625
0 0.98125 0.62265625 0.034375 0.03046875
0 0.3125 0.2921875 0.05546875 0.09296875
0 0.95 0.83046875 0.0234375 0.02578125
0 0.0140625 0.61796875 0.0140625 0.01484375
0 0.759375 0.5265625 0.19296875 0.24296875
0 0.0890625 0.90546875 0.009375 0.0109375
0 0.9328125 0.86640625 0.0109375 0.015625
0 0.2484375 0.9453125 0.01015625 0.0109375
0 0.17890625 0.52578125 0.0203125 0.03125
0 0.30546875 0.41640625 0.0140625 0.015625
0 0.66953125 0.96015625 0.01640625 0.0203125
0 0.1765625 0.85 0.009375 0.009375
0 0.146875 0.91015625 0.009375 0.009375
0 0.6421875 0.3921875 0.0125 0.01796875
0 0.5828125 0.5109375 0.00859375 0.01328125
0 0.034375 0.93125 0.0109375 0.01171875
0 0.53984375 0.6484375 0.01015625 0.0125
0 0.14921875 0.7484375 0.01015625 0.0125
0 0.6484375 0.79375 0.025 0.0296875
0 0.721875 0.71328125 0.0125 0.021875
0 0.71953125 0.7234375 0.13203125 0.171875
0 0.0390625 0.7078125 0.009375 0.01171875
0 0.06484375 0.209375 0.009375 0.01796875
0 0.06640625 0.221875 0.0359375 0.10234375
0 0.42109375 0.64765625 0.0109375 0.015625
0 0.21484375 0.09375 0.196875 0.1796875
0 0.9484375 0.89140625 0.103125 0.1546875
0 0.75234375 0.27109375 0.01328125 0.009375
0 0.18203125 0.88359375 0.02109375 0.0546875
0 0.0109375 0.06796875 0.00625 0.00859375
0 0.97421875 0.07421875 0.01171875 0.0140625
0 0.95859375 0.68515625 0.0140625 0.0140625
0 0.8890625 0.778125 0.034375 0.034375
0 0.009375 0.35234375 0.01875 0.0234375
0 0.94921875 0.7 0.021875 0.021875
0 0.2859375 0.65625 0.01015625 0.02109375
0 0.809375 0.02421875 0.00625 0.01953125
0 0.3609375 0.94609375 0.03125 0.03515625