0 0.69140625 0.37890625 0.0515625 0.06796875
0 0.8546875 0.50546875 0.03828125 0.0421875
0 0.6140625 0.41875 0.0203125 0.0265625
0 0.440625 0.35625 0.01796875 0.01796875
0 0.2171875 0.534375 0.06484375 0.07734375
0 0.62421875 0.6875 0.05546875 0.0625
0 0.65234375 0.64921875 0.02890625 0.03046875
0 0.5890625 0.71640625 0.046875 0.05546875
0 0.54609375 0.41328125 0.0140625 0.01953125
0 0.72578125 0.65234375 0.02890625 0.03046875
0 0.48984375 0.37578125 0.040625 0.05390625
0 0.56328125 0.58515625 0.02109375 0.03046875
0 0.346875 0.59375 0.03203125 0.04140625
0 0.09609375 0.22265625 0.02578125 0.028125
0 0.7484375 0.1203125 0.07265625 0.10078125
0 0.64921875 0.2734375 0.04921875 0.0875
0 0.4546875 0.66640625 0.0234375 0.028125
0 0.7609375 0.5390625 0.04296875 0.0546875
0 0.39765625 0.23984375 0.03203125 0.0390625
0 0.2484375 0.0953125 0.02578125 0.03203125
0 0.521875 0.46953125 0.01875 0.0234375
0 0.8015625 0.04921875 0.0375 0.05546875
0 0.72109375 0.89921875 0.05 0.078125
0 0.690625 0.37578125 0.01953125 0.01796875
0 0.425 0.634375 0.04140625 0.04375
0 0.4890625 0.46328125 0.04375 0.05234375
0 0.41953125 0.51875 0.02265625 0.0203125
0 0.1546875 0.66484375 0.046875 0.06328125
0 0.315625 0.2671875 0.028125 0.03125
0 0.47109375 0.4703125 0.02109375 0.028125
0 0.33984375 0.54140625 0.0171875 0.021875
0 0.45078125 0.35703125 0.05625 0.0703125
0 0.10859375 0.7328125 0.01171875 0.015625
0 0.7390625 0.16640625 0.01015625 0.0109375
0 0.88984375 0.4109375 0.034375 0.04296875
0 0.203125 0.159375 0.04140625 0.0703125
0 0.20390625 0.5234375 0.01328125 0.0140625
0 0.19921875 0.1 0.0203125 0.0234375
0 0.453125 0.67421875 0.046875 0.06484375
0 0.24140625 0.42734375 0.04296875 0.05859375
0 0.65546875 0.821875 0.0234375 0.02421875
0 0.30859375 0.86484375 0.0296875 0.03984375
0 0.21953125 0.23671875 0.0375 0.05
0 0.5921875 0.33203125 0.01484375 0.0171875
0 0.4015625 0.3546875 0.0296875 0.05078125
0 0.4671875 0.1078125 0.01171875 0.01015625
0 0.046875 0.58984375 0.02734375 0.0328125
0 0.03515625 0.43671875 0.02421875 0.025
0 0.30546875 0.8578125 0.01640625 0.0171875
0 0.6203125 0.340625 0.0140625 0.015625
0 0.1921875 0.16796875 0.0171875 0.0140625
0 0.16953125 0.865625 0.0328125 0.03984375
0 0.0578125 0.478125 0.01015625 0.02109375
0 0.23671875 0.1484375 0.01328125 0.01328125
0 0.57734375 0.33515625 0.0140625 0.01953125
0 0.15390625 0.37578125 0.02578125 0.03203125
0 0.4546875 0.7828125 0.01328125 0.01171875
0 0.23359375 0.41484375 0.0109375 0.01640625
0 0.79921875 0.59921875 0.046875 0.06328125
0 0.1171875 0.33984375 0.015625 0.01328125
0 0.6296875 0.34921875 0.0109375 0.01640625
0 0.146875 0.64609375 0.015625 0.021875
0 0.24375 0.03359375 0.01953125 0.01640625
0 0.84296875 0.496875 0.0125 0.0125
0 0.22421875 0.45 0.03125 0.04296875
0 0.328125 0.39140625 0.01953125 0.025
0 0.97578125 0.2953125 0.0390625 0.05234375
0 0.359375 0.17890625 0.0125 0.01484375
0 0.25 0.16171875 0.015625 0.0203125
0 0.1609375 0.97109375 0.0359375 0.04765625
0 0.42265625 0.81953125 0.140625 0.17578125
0 0.4015625 0.33984375 0.01796875 0.01953125
0 0.12734375 0.25234375 0.03125 0.02734375
0 0.79609375 0.60859375 0.01171875 0.02734375
0 0.4828125 0.44453125 0.01328125 0.01796875
0 0.01796875 0.8078125 0.0328125 0.0609375
0 0.7671875 0.75234375 0.1390625 0.1984375
0 0.48515625 0.49375 0.0125 0.0171875
0 0.84296875 0.98046875 0.0609375 0.03515625
0 0.6640625 0.934375 0.02734375 0.03359375
0 0.7875 0.60859375 0.0125 0.02109375
0 0.66328125 0.96875 0.01875 0.0265625
0 0.2921875 0.20703125 0.009375 0.0140625
0 0.65 0.95546875 0.0171875 0.02421875
0 0.275 0.38203125 0.01640625 0.01328125
0 0.36328125 0.80859375 0.0390625 0.04765625
0 0.99609375 0.19921875 0.00703125 0.0125
0 0.2546875 0.89296875 0.0140625 0.01796875
0 0.428125 0.9578125 0.03984375 0.05234375
0 0.35703125 0.82578125 0.01640625 0.021875
0 0.06015625 0.9375 0.01875 0.01484375
0 0.93046875 0.590625 0.13359375 0.209375
0 0.8375 0.98515625 0.0125 0.01640625
0 0.7125 0.66640625 0.16484375 0.26640625
0 0.1734375 0.76328125 0.0078125 0.0140625
0 0.08046875 0.959375 0.01171875 0.0171875
0 0.3953125 0.96796875 0.046875 0.05703125
0 0.7875 0.5875 0.01015625 0.02109375
0 0.2125 0.9140625 0.0109375 0.02109375
0 0.175 0.8953125 0.01796875 0.021875
0 0.67890625 0.94921875 0.01796875 0.02109375
0 0.35078125 0.78203125 0.01875 0.01796875
0 0.18984375 0.67578125 0.1609375 0.1890625
0 0.31484375 0.3953125 0.021875 0.0203125
0 0.646875 0.46015625 0.125 0.2