0 0.68828125 0.2375 0.021875 0.0296875
0 0.5125 0.4578125 0.0140625 0.01484375
0 0.64765625 0.14609375 0.0203125 0.02734375
0 0.5296875 0.70859375 0.02890625 0.03671875
0 0.83125 0.159375 0.02734375 0.034375
0 0.746875 0.13671875 0.025 0.02734375
0 0.7359375 0.659375 0.0296875 0.028125
0 0.64921875 0.59296875 0.025 0.0296875
0 0.871875 0.69453125 0.0234375 0.0359375
0 0.97890625 0.2703125 0.0421875 0.053125
0 0.9203125 0.134375 0.02421875 0.03203125
0 0.6515625 0.90546875 0.0265625 0.03515625
0 0.52265625 0.45234375 0.0390625 0.034375
0 0.6125 0.928125 0.02109375 0.0296875
0 0.834375 0.7125 0.03203125 0.0453125
0 0.6 0.79296875 0.04375 0.09921875
0 0.896875 0.91796875 0.01953125 0.02109375
0 0.43671875 0.75546875 0.015625 0.021875
0 0.26796875 0.728125 0.0109375 0.01171875
0 0.81875 0.98046875 0.021875 0.02421875
0 0.59765625 0.765625 0.0328125 0.03671875
0 0.32421875 0.7296875 0.01328125 0.01875
0 0.36015625 0.7125 0.07421875 0.06015625
0 0.92734375 0.9859375 0.0296875 0.028125
0 0.4234375 0.978125 0.01171875 0.02109375
0 0.80625 0.83203125 0.025 0.03203125
0 0.521875 0.9765625 0.0296875 0.0390625
0 0.27578125 0.6984375 0.00703125 0.01171875
0 0.86875 0.215625 0.0125 0.0171875
0 0.3546875 0.71640625 0.0109375 0.01484375
0 0.67578125 0.828125 0.025 0.03203125
0 0.559375 0.96015625 0.02734375 0.03671875