0 0.19765625 0.21171875 0.040625 0.0546875
0 0.37421875 0.12421875 0.03359375 0.05234375
0 0.11484375 0.29140625 0.01328125 0.0140625
0 0.3125 0.30390625 0.0125 0.01796875
0 0.365625 0.14453125 0.0640625 0.0921875
0 0.05859375 0.2703125 0.05078125 0.078125
0 0.60859375 0.94765625 0.04921875 0.06796875
0 0.16171875 0.26640625 0.0109375 0.01171875
0 0.03515625 0.12109375 0.0171875 0.01953125
0 0.02578125 0.1203125 0.0140625 0.01796875
0 0.14921875 0.27265625 0.0140625 0.01484375
0 0.11796875 0.30859375 0.01015625 0.01328125
0 0.04140625 0.24296875 0.015625 0.015625
0 0.0421875 0.2359375 0.01171875 0.0125
0 0.78203125 0.3203125 0.090625 0.0875
0 0.2921875 0.1859375 0.0984375 0.12734375
0 0.41328125 0.71640625 0.01015625 0.01328125
0 0.371875 0.10625 0.01328125 0.0140625
0 0.1328125 0.67578125 0.009375 0.0171875
0 0.08125 0.153125 0.0328125 0.0359375
0 0.42109375 0.14296875 0.0125 0.01171875
0 0.228125 0.209375 0.0125 0.01640625
0 0.76484375 0.37578125 0.021875 0.0265625
0 0.103125 0.8234375 0.015625 0.0140625
0 0.15859375 0.8390625 0.13515625 0.17109375
0 0.09921875 0.86484375 0.0125 0.0171875
0 0.0859375 0.76796875 0.01015625 0.0140625
0 0.24921875 0.7453125 0.009375 0.01015625
0 0.0078125 0.10390625 0.01328125 0.01796875
0 0.2515625 0.73203125 0.0125 0.0109375
0 0.60546875 0.97109375 0.01484375 0.0171875
0 0.6046875 0.784375 0.01328125 0.0171875
0 0.4625 0.07578125 0.01171875 0.0171875
0 0.40625 0.7296875 0.0109375 0.0109375
0 0.24140625 0.35546875 0.01484375 0.01171875
0 0.28671875 0.79453125 0.009375 0.0109375
0 0.6859375 0.9015625 0.0125 0.01484375
0 0.6234375 0.93125 0.0125 0.01484375
0 0.18125 0.14375 0.021875 0.01796875
0 0.1765625 0.82734375 0.009375 0.0109375
0 0.1359375 0.69375 0.0140625 0.015625
0 0.23125 0.609375 0.01015625 0.01328125
0 0.96328125 0.84296875 0.009375 0.01015625
0 0.42890625 0.784375 0.1828125 0.22734375
0 0.2828125 0.09140625 0.0140625 0.0234375
0 0.1015625 0.56640625 0.09921875 0.11953125
0 0.6390625 0.48046875 0.0078125 0.0125
0 0.5734375 0.46796875 0.01640625 0.025
0 0.109375 0.80625 0.021875 0.03125
0 0.45625 0.45390625 0.0296875 0.0484375
0 0.634375 0.890625 0.00703125 0.009375
0 0.71484375 0.28125 0.02109375 0.0234375
0 0.5375 0.73671875 0.05703125 0.071875
0 0.690625 0.19921875 0.05703125 0.06484375
0 0.07578125 0.42578125 0.14140625 0.221875
0 0.5484375 0.2203125 0.0671875 0.07734375
0 0.89296875 0.37734375 0.02734375 0.03984375
0 0.5515625 0.10625 0.01953125 0.0265625
0 0.6375 0.0265625 0.05 0.0453125
0 0.953125 0.0625 0.09375 0.1078125
0 0.5765625 0.0703125 0.09296875 0.1265625
0 0.4 0.95703125 0.0546875 0.0609375
0 0.721875 0.74453125 0.02109375 0.02109375