0 0.11875 0.0625 0.0828125 0.08203125
0 0.5875 0.21640625 0.05625 0.07421875
0 0.63125 0.61796875 0.0671875 0.08203125
0 0.73671875 0.61640625 0.0796875 0.10234375
0 0.90546875 0.7234375 0.06640625 0.0671875
0 0.11015625 0.25234375 0.04609375 0.04609375
0 0.50390625 0.0296875 0.05390625 0.04765625
0 0.83671875 0.1640625 0.0671875 0.07578125
0 0.96484375 0.09453125 0.0671875 0.05625
0 0.9640625 0.5703125 0.07109375 0.08828125
0 0.38515625 0.7140625 0.0640625 0.0671875
0 0.33359375 0.03359375 0.0609375 0.0546875
0 0.71640625 0.06171875 0.0625 0.0671875