0 0.5 0.040625 0.028125 0.034375
0 0.32734375 0.153125 0.0265625 0.03359375
0 0.38515625 0.55859375 0.021875 0.0359375
0 0.259375 0.10625 0.03125 0.0296875
0 0.60703125 0.5875 0.0203125 0.0421875
0 0.5609375 0.41875 0.01171875 0.0140625
0 0.61953125 0.04140625 0.015625 0.0203125
0 0.26328125 0.09296875 0.01015625 0.01640625
0 0.15390625 0.134375 0.01640625 0.02265625
0 0.89296875 0.559375 0.03125 0.0296875
0 0.27421875 0.1765625 0.0109375 0.0171875
0 0.61796875 0.04609375 0.0375 0.05546875
0 0.14921875 0.4109375 0.01171875 0.01171875
0 0.0828125 0.17109375 0.01171875 0.015625
0 0.24765625 0.09921875 0.0125 0.015625
0 0.06328125 0.4640625 0.0203125 0.03046875
0 0.0359375 0.23046875 0.0125 0.01640625
0 0.30859375 0.228125 0.01015625 0.015625
0 0.03046875 0.48125 0.0265625 0.02421875
0 0.45625 0.82578125 0.03125 0.04140625
0 0.53828125 0.3703125 0.0125 0.01484375
0 0.05625 0.10234375 0.0140625 0.01484375
0 0.203125 0.02109375 0.02265625 0.0296875
0 0.54765625 0.0671875 0.01953125 0.02578125
0 0.32109375 0.1515625 0.0109375 0.0140625
0 0.134375 0.09609375 0.01015625 0.01328125
0 0.428125 0.36875 0.0546875 0.07578125
0 0.47890625 0.0671875 0.02109375 0.03515625
0 0.20078125 0.57265625 0.11015625 0.1265625
0 0.321875 0.184375 0.01015625 0.009375
0 0.02578125 0.5078125 0.01328125 0.0203125
0 0.0828125 0.24453125 0.0171875 0.01953125
0 0.1578125 0.27421875 0.009375 0.0140625
0 0.43203125 0.1765625 0.00703125 0.01328125
0 0.27109375 0.0421875 0.00859375 0.01171875
0 0.1 0.09375 0.00859375 0.0109375
0 0.41640625 0.359375 0.021875 0.03359375
0 0.05859375 0.4609375 0.0078125 0.01796875
0 0.65703125 0.1078125 0.0109375 0.01328125
0 0.14921875 0.84765625 0.02421875 0.021875
0 0.03984375 0.23984375 0.0328125 0.0453125
0 0.49140625 0.03671875 0.009375 0.0140625
0 0.725 0.82734375 0.02890625 0.03515625
0 0.07734375 0.57578125 0.009375 0.01328125
0 0.57578125 0.309375 0.00859375 0.0109375
0 0.503125 0.37265625 0.009375 0.01171875
0 0.51796875 0.39921875 0.00703125 0.0125
0 0.21328125 0.07890625 0.0078125 0.009375
0 0.45546875 0.82109375 0.015625 0.0140625
0 0.596875 0.61640625 0.00859375 0.0140625
0 0.55 0.7171875 0.009375 0.01484375
0 0.2828125 0.0375 0.015625 0.021875
0 0.05390625 0.1078125 0.021875 0.03203125
0 0.01953125 0.49296875 0.0109375 0.015625
0 0.85078125 0.21875 0.01953125 0.025
0 0.17734375 0.25625 0.009375 0.0109375
0 0.15625 0.84296875 0.01015625 0.0125
0 0.6734375 0.55234375 0.01015625 0.01328125
0 0.0703125 0.45625 0.009375 0.01171875
0 0.54375 0.10859375 0.0078125 0.0109375
0 0.45703125 0.5984375 0.0109375 0.01171875
0 0.08203125 0.2953125 0.0109375 0.01328125
0 0.97734375 0.08125 0.01328125 0.0125
0 0.8484375 0.215625 0.01015625 0.0109375
0 0.47578125 0.06328125 0.01328125 0.01484375
0 0.0484375 0.2359375 0.00859375 0.0109375
0 0.7046875 0.85390625 0.015625 0.0140625
0 0.53828125 0.52109375 0.009375 0.0109375
0 0.79453125 0.0390625 0.00859375 0.0125
0 0.03359375 0.378125 0.00859375 0.01015625
0 0.0421875 0.37578125 0.028125 0.03046875
0 0.86875 0.88203125 0.01171875 0.01640625
0 0.540625 0.33046875 0.0109375 0.01171875
0 0.75625 0.6703125 0.00859375 0.01328125
0 0.7703125 0.23359375 0.009375 0.0125
0 0.14375 0.8515625 0.01015625 0.0109375
0 0.4203125 0.3484375 0.009375 0.01328125
0 0.0359375 0.3734375 0.00859375 0.0109375
0 0.725 0.85078125 0.0140625 0.01796875
0 0.60859375 0.57578125 0.00859375 0.01484375
0 0.590625 0.43203125 0.02109375 0.0234375
0 0.303125 0.40703125 0.00703125 0.0109375
0 0.9109375 0.396875 0.0078125 0.01171875
0 0.08125 0.1765625 0.00703125 0.0109375
0 0.05078125 0.10625 0.0078125 0.01171875
0 0.7703125 0.66484375 0.03125 0.03359375
0 0.7609375 0.69765625 0.04921875 0.11328125
0 0.03359375 0.49765625 0.03828125 0.046875
0 0.0671875 0.625 0.0078125 0.01171875
0 0.75078125 0.7640625 0.0109375 0.01953125
0 0.1171875 0.3484375 0.00703125 0.009375
0 0.10546875 0.453125 0.009375 0.01015625
0 0.23359375 0.9234375 0.0078125 0.01171875
0 0.1140625 0.33046875 0.01015625 0.0125
0 0.778125 0.65625 0.01484375 0.01171875
0 0.446875 0.0125 0.009375 0.0140625
0 0.88671875 0.565625 0.00859375 0.0109375
0 0.7140625 0.85625 0.01015625 0.0140625
0 0.11875 0.3421875 0.00703125 0.01015625
0 0.61640625 0.61875 0.08359375 0.13671875
0 0.68828125 0.821875 0.009375 0.0109375
0 0.59296875 0.2390625 0.00859375 0.01640625
0 0.765625 0.39765625 0.00703125 0.01015625
0 0.384375 0.553125 0.009375 0.0171875
0 0.02421875 0.76015625 0.0078125 0.01171875
0 0.728125 0.96171875 0.01171875 0.01484375
0 0.3078125 0.0046875 0.0109375 0.009375
0 0.71015625 0.803125 0.00703125 0.0171875
0 0.3140625 0.40859375 0.0203125 0.0109375
0 0.43046875 0.1140625 0.03046875 0.03203125
0 0.1921875 0.97578125 0.00703125 0.01328125
0 0.921875 0.65546875 0.15546875 0.2359375
0 0.76875 0.65703125 0.0078125 0.0109375
0 0.43203125 0.51171875 0.01796875 0.01875
0 0.17109375 0.2453125 0.01875 0.015625
0 0.71796875 0.8625 0.01015625 0.01640625
0 0.546875 0.99375 0.0078125 0.0125
0 0.75234375 0.73125 0.0140625 0.0296875