0 0.25 0.67421875 0.02109375 0.021875
0 0.4265625 0.609375 0.0234375 0.02421875
0 0.92265625 0.515625 0.0453125 0.0515625
0 0.82890625 0.7015625 0.02890625 0.03125
0 0.5453125 0.2828125 0.0390625 0.05
0 0.91953125 0.34609375 0.04765625 0.04375
0 0.07734375 0.72578125 0.03515625 0.04765625
0 0.26328125 0.65625 0.04921875 0.06171875
0 0.16796875 0.26484375 0.065625 0.09609375
0 0.12109375 0.10078125 0.034375 0.0453125
0 0.2921875 0.14140625 0.03515625 0.05078125
0 0.79765625 0.21484375 0.05078125 0.075
0 0.43671875 0.6171875 0.0546875 0.0734375
0 0.30078125 0.38125 0.0359375 0.05078125
0 0.715625 0.2015625 0.01875 0.021875
0 0.203125 0.41015625 0.0453125 0.0515625
0 0.22578125 0.396875 0.02109375 0.03125
0 0.759375 0.059375 0.03828125 0.03828125
0 0.8515625 0.13984375 0.0203125 0.02578125
0 0.1875 0.63515625 0.01875 0.0171875
0 0.89921875 0.228125 0.02109375 0.02734375
0 0.1734375 0.14609375 0.0390625 0.04140625
0 0.8609375 0.51171875 0.0859375 0.13203125
0 0.7765625 0.36171875 0.01640625 0.01796875
0 0.04765625 0.2140625 0.01796875 0.02421875
0 0.14296875 0.47734375 0.0109375 0.0140625
0 0.803125 0.3953125 0.0125 0.01640625
0 0.26328125 0.27109375 0.01171875 0.0171875
0 0.103125 0.35703125 0.01171875 0.015625
0 0.278125 0.55703125 0.03828125 0.04609375
0 0.87421875 0.97734375 0.04375 0.03984375
0 0.04765625 0.23828125 0.0484375 0.065625
0 0.18515625 0.13828125 0.0234375 0.02265625
0 0.553125 0.27109375 0.0171875 0.01796875
0 0.93125 0.50859375 0.01953125 0.02109375
0 0.44453125 0.59375 0.01171875 0.015625
0 0.27578125 0.1828125 0.0140625 0.01640625
0 0.32421875 0.56171875 0.01171875 0.01484375
0 0.2265625 0.603125 0.0125 0.0125
0 0.0859375 0.85703125 0.0171875 0.01796875
0 0.47109375 0.80703125 0.0078125 0.0140625
0 0.80546875 0.11875 0.0171875 0.0234375
0 0.815625 0.11796875 0.0328125 0.0375
0 0.01171875 0.6953125 0.0140625 0.0125
0 0.078125 0.71640625 0.01171875 0.01484375
0 0.61953125 0.15625 0.0125 0.01875
0 0.9671875 0.0640625 0.015625 0.01484375
0 0.7234375 0.196875 0.009375 0.01875
0 0.8015625 0.19375 0.0125 0.01875
0 0.3046875 0.5453125 0.0125 0.015625
0 0.69609375 0.08671875 0.021875 0.025
0 0.88984375 0.01953125 0.03046875 0.0328125
0 0.128125 0.159375 0.0109375 0.02109375
0 0.78828125 0.77578125 0.0140625 0.01640625
0 0.5046875 0.01640625 0.0375 0.028125
0 0.6390625 0.33828125 0.0171875 0.02421875
0 0.03515625 0.2328125 0.0171875 0.02109375
0 0.34921875 0.24765625 0.0125 0.02109375
0 0.5015625 0.15703125 0.015625 0.0234375
0 0.628125 0.728125 0.02421875 0.02109375
0 0.2859375 0.42109375 0.01171875 0.02421875
0 0.8609375 0.978125 0.01484375 0.01796875
0 0.628125 0.17421875 0.0171875 0.01640625
0 0.56953125 0.046875 0.01484375 0.01953125
0 0.87890625 0.96484375 0.01796875 0.015625
0 0.05859375 0.22421875 0.01328125 0.0296875
0 0.20859375 0.1140625 0.0296875 0.03125
0 0.98203125 0.04921875 0.0359375 0.0484375
0 0.77265625 0.01484375 0.025 0.025
0 0.31484375 0.46328125 0.015625 0.0125
0 0.3390625 0.078125 0.02734375 0.03359375
0 0.29609375 0.53046875 0.01171875 0.01796875
0 0.328125 0.025 0.01640625 0.021875
0 0.9578125 0.78828125 0.01328125 0.0125
0 0.31640625 0.0453125 0.02578125 0.03671875
0 0.13828125 0.096875 0.0140625 0.01640625
0 0.61796875 0.73359375 0.0640625 0.0796875
0 0.28203125 0.02890625 0.01328125 0.02109375
0 0.8546875 0.08515625 0.01484375 0.01796875
0 0.62578125 0.31328125 0.0171875 0.0171875
0 0.31484375 0.54609375 0.01015625 0.0171875
0 0.63984375 0.31015625 0.0125 0.01953125
0 0.2515625 0.38125 0.02265625 0.0171875
0 0.86875 0.16875 0.01875 0.01796875
0 0.6359375 0.02890625 0.015625 0.01484375
0 0.99609375 0.82265625 0.00703125 0.01796875
0 0.8375 0.10703125 0.0203125 0.02578125
0 0.35625 0.08125 0.02109375 0.03203125
0 0.92265625 0.71875 0.009375 0.0125
0 0.81484375 0.00859375 0.0140625 0.015625
0 0.5359375 0.58515625 0.025 0.04140625
0 0.90546875 0.128125 0.07734375 0.103125
0 0.32421875 0.08828125 0.01171875 0.0203125
0 0.16015625 0.1390625 0.0109375 0.021875
0 0.4109375 0.37890625 0.11328125 0.1625
0 0.46875 0.990625 0.00859375 0.0171875
0 0.35234375 0.05625 0.0171875 0.02109375
0 0.75859375 0.03359375 0.01484375 0.01953125
0 0.2359375 0.35 0.0125 0.02265625
0 0.91484375 0.03046875 0.01171875 0.01796875
0 0.66328125 0.33203125 0.02421875 0.0171875
0 0.30625 0.37421875 0.01015625 0.02734375
0 0.64453125 0.2953125 0.0125 0.025
0 0.26484375 0.553125 0.01875 0.0140625
0 0.36640625 0.034375 0.02109375 0.03671875
0 0.37265625 0.078125 0.01484375 0.015625
0 0.846875 0.03359375 0.0171875 0.021875
0 0.59453125 0.42578125 0.1546875 0.25234375
0 0.25546875 0.42578125 0.01796875 0.01484375
0 0.8265625 0.4203125 0.02109375 0.03125
0 0.00390625 0.6765625 0.00703125 0.0140625
0 0.0328125 0.6546875 0.009375 0.01953125