0 0.53984375 0.53203125 0.028125 0.0421875
0 0.20625 0.6296875 0.015625 0.01953125
0 0.3421875 0.6046875 0.0140625 0.015625
0 0.5265625 0.43046875 0.0203125 0.0203125
0 0.234375 0.32890625 0.01484375 0.015625
0 0.10625 0.43359375 0.01328125 0.01640625
0 0.57421875 0.628125 0.01328125 0.01328125
0 0.3296875 0.13203125 0.01171875 0.0140625
0 0.19765625 0.63671875 0.0125 0.01484375
0 0.08359375 0.49140625 0.01640625 0.0203125
0 0.9265625 0.184375 0.01640625 0.0265625
0 0.18125 0.6765625 0.01015625 0.01484375
0 0.83515625 0.3125 0.01484375 0.01171875
0 0.35234375 0.62109375 0.0140625 0.0140625
0 0.153125 0.65625 0.028125 0.0375
0 0.25 0.69765625 0.0234375 0.03203125
0 0.1109375 0.3953125 0.0203125 0.021875
0 0.83671875 0.040625 0.046875 0.05390625
0 0.27421875 0.6484375 0.021875 0.028125
0 0.78203125 0.4515625 0.0125 0.01484375
0 0.33359375 0.39296875 0.02109375 0.034375
0 0.8578125 0.48359375 0.0203125 0.021875
0 0.065625 0.5640625 0.015625 0.025
0 0.2015625 0.26171875 0.01015625 0.01484375
0 0.7328125 0.21015625 0.01015625 0.015625
0 0.27578125 0.7015625 0.025 0.03515625
0 0.05625 0.17421875 0.009375 0.0171875
0 0.93203125 0.1875 0.0359375 0.04296875
0 0.7828125 0.603125 0.0125 0.0140625
0 0.74921875 0.66484375 0.03359375 0.05
0 0.67890625 0.14296875 0.0125 0.01640625
0 0.3234375 0.0453125 0.00859375 0.01171875
0 0.6578125 0.01171875 0.01640625 0.01640625
0 0.9265625 0.0765625 0.01171875 0.0125
0 0.18359375 0.55546875 0.02265625 0.028125
0 0.22265625 0.74765625 0.0203125 0.0265625
0 0.425 0.56640625 0.05234375 0.071875
0 0.3375 0.05234375 0.06640625 0.09140625
0 0.20546875 0.05859375 0.01328125 0.015625
0 0.165625 0.184375 0.01640625 0.01640625
0 0.53515625 0.528125 0.01015625 0.0125
0 0.9625 0.61328125 0.01171875 0.01875
0 0.28515625 0.3875 0.0125 0.015625
0 0.10625 0.48515625 0.02890625 0.04140625
0 0.5046875 0.025 0.01171875 0.0140625
0 0.3375 0.85703125 0.021875 0.0296875
0 0.64921875 0.69296875 0.02265625 0.025
0 0.23203125 0.21796875 0.009375 0.0109375
0 0.084375 0.153125 0.0234375 0.0234375
0 0.746875 0.659375 0.01640625 0.015625
0 0.2015625 0.328125 0.0171875 0.01875
0 0.99609375 0.54375 0.0078125 0.02265625
0 0.20625 0.33515625 0.0296875 0.0390625
0 0.09296875 0.09921875 0.0109375 0.01484375
0 0.30625 0.55234375 0.025 0.0328125
0 0.1984375 0.35078125 0.0109375 0.01171875
0 0.08125 0.09296875 0.0125 0.01171875
0 0.0484375 0.46484375 0.00859375 0.01171875
0 0.778125 0.79453125 0.0109375 0.034375
0 0.1265625 0.04140625 0.01640625 0.0203125
0 0.2921875 0.78359375 0.021875 0.02421875
0 0.07578125 0.1609375 0.0109375 0.0109375
0 0.16640625 0.15625 0.009375 0.0109375
0 0.21015625 0.0578125 0.07578125 0.0890625
0 0.10625 0.478125 0.01015625 0.01171875
0 0.671875 0.4 0.01015625 0.0125
0 0.10625 0.39921875 0.009375 0.01171875
0 0.41953125 0.5515625 0.01875 0.01796875
0 0.50234375 0.253125 0.025 0.0265625
0 0.43046875 0.76328125 0.021875 0.034375
0 0.02421875 0.33828125 0.00859375 0.0140625
0 0.31640625 0.35546875 0.0109375 0.0140625
0 0.7640625 0.56796875 0.0265625 0.03046875
0 0.71015625 0.08671875 0.0078125 0.0140625
0 0.0796875 0.15078125 0.01171875 0.01171875
0 0.74609375 0.06328125 0.01015625 0.02265625
0 0.48671875 0.0328125 0.0109375 0.0140625
0 0.4390625 0.39765625 0.01171875 0.01015625
0 0.41484375 0.5640625 0.01015625 0.01328125
0 0.6390625 0.4609375 0.0078125 0.01328125
0 0.86484375 0.175 0.01640625 0.01796875
0 0.08515625 0.675 0.015625 0.02109375
0 0.6296875 0.80859375 0.01875 0.01796875
0 0.878125 0.2 0.0125 0.01796875
0 0.5671875 0.42578125 0.00859375 0.0109375
0 0.590625 0.35625 0.01875 0.02109375
0 0.26171875 0.315625 0.0109375 0.01328125
0 0.9125 0.6078125 0.021875 0.02734375
0 0.31328125 0.33515625 0.02109375 0.0203125
0 0.1265625 0.10859375 0.01640625 0.0234375
0 0.26640625 0.29296875 0.01484375 0.01328125
0 0.95390625 0.775 0.00859375 0.0109375
0 0.78203125 0.73984375 0.00859375 0.01171875
0 0.63203125 0.98828125 0.025 0.01953125
0 0.57109375 0.41484375 0.01640625 0.01640625
0 0.0453125 0.06796875 0.02109375 0.03359375
0 0.7125 0.796875 0.02421875 0.034375
0 0.853125 0.1765625 0.0109375 0.01328125
0 0.43359375 0.55078125 0.00859375 0.01171875
0 0.465625 0.9328125 0.009375 0.01328125
0 0.8765625 0.17890625 0.0140625 0.01484375
0 0.8578125 0.19921875 0.0140625 0.0171875
0 0.50625 0.31171875 0.02890625 0.0375
0 0.99765625 0.2 0.0046875 0.01328125
0 0.0875 0.13984375 0.009375 0.01796875
0 0.01015625 0.9171875 0.01328125 0.01640625
0 0.265625 0.3046875 0.02734375 0.03671875
0 0.5046875 0.29921875 0.00859375 0.0125
0 0.840625 0.69375 0.015625 0.0203125
0 0.85 0.67265625 0.01328125 0.01484375
0 0.4953125 0.1296875 0.0328125 0.05703125
0 0.82578125 0.67890625 0.01328125 0.01328125