0 0.72578125 0.5984375 0.02578125 0.03828125
0 0.06953125 0.396875 0.03671875 0.05625
0 0.28203125 0.68125 0.02890625 0.0375
0 0.646875 0.5078125 0.059375 0.0765625
0 0.7140625 0.840625 0.0515625 0.06640625
0 0.97578125 0.3 0.01875 0.02890625
0 0.565625 0.1203125 0.03984375 0.04375
0 0.2390625 0.1359375 0.0171875 0.021875
0 0.48515625 0.2859375 0.02890625 0.034375
0 0.92421875 0.62265625 0.08984375 0.1296875
0 0.7734375 0.103125 0.01953125 0.02109375
0 0.62109375 0.58203125 0.0609375 0.07734375
0 0.56328125 0.52578125 0.0734375 0.09921875
0 0.2796875 0.45390625 0.03828125 0.04921875
0 0.21015625 0.4515625 0.05546875 0.071875
0 0.64921875 0.49765625 0.015625 0.0265625
0 0.7609375 0.1171875 0.06171875 0.08203125
0 0.6875 0.03515625 0.04765625 0.0640625
0 0.2984375 0.0171875 0.0359375 0.0328125
0 0.33046875 0.3234375 0.040625 0.0546875
0 0.21796875 0.04765625 0.015625 0.02109375
0 0.815625 0.1890625 0.01328125 0.01640625
0 0.47421875 0.2953125 0.0625 0.08828125
0 0.1625 0.23359375 0.0109375 0.028125
0 0.8375 0.3109375 0.0140625 0.0140625
0 0.24140625 0.928125 0.025 0.0265625
0 0.290625 0.778125 0.01015625 0.01953125
0 0.80234375 0.18984375 0.01171875 0.015625
0 0.7546875 0.10625 0.02265625 0.02265625
0 0.1984375 0.05390625 0.0140625 0.015625
0 0.18515625 0.79765625 0.03984375 0.04375
0 0.8796875 0.7859375 0.01484375 0.0265625
0 0.7765625 0.48046875 0.01484375 0.01640625
0 0.140625 0.25859375 0.01015625 0.01171875
0 0.521875 0.2890625 0.0296875 0.03046875
0 0.40546875 0.25234375 0.0109375 0.015625
0 0.071875 0.4609375 0.01015625 0.01328125
0 0.6703125 0.18984375 0.01484375 0.01484375
0 0.0265625 0.228125 0.0296875 0.0359375
0 0.4296875 0.27265625 0.01640625 0.01484375
0 0.77734375 0.82734375 0.0125 0.01640625
0 0.56640625 0.02890625 0.05390625 0.053125
0 0.1171875 0.35234375 0.015625 0.01171875
0 0.88359375 0.1765625 0.009375 0.0140625
0 0.7484375 0.49765625 0.01328125 0.01796875
0 0.97890625 0.90390625 0.04140625 0.0640625
0 0.715625 0.16015625 0.01015625 0.015625
0 0.8515625 0.52578125 0.0171875 0.015625
0 0.47890625 0.28828125 0.01328125 0.01796875
0 0.1796875 0.68515625 0.0453125 0.0796875
0 0.46875 0.33515625 0.01171875 0.015625
0 0.46875 0.084375 0.0125 0.01796875
0 0.4265625 0.5171875 0.02265625 0.02421875
0 0.165625 0.78046875 0.0171875 0.01875
0 0.559375 0.51796875 0.0109375 0.01484375
0 0.8734375 0.75234375 0.02109375 0.025
0 0.47265625 0.365625 0.05 0.06640625
0 0.771875 0.53046875 0.0609375 0.07890625
0 0.565625 0.11015625 0.01796875 0.01484375
0 0.45234375 0.33828125 0.01484375 0.01953125
0 0.921875 0.73515625 0.01171875 0.0140625
0 0.83203125 0.84609375 0.0234375 0.02734375
0 0.63125 0.5640625 0.0109375 0.0171875
0 0.66875 0.49921875 0.015625 0.0203125
0 0.4390625 0.68828125 0.01484375 0.01796875
0 0.4953125 0.55234375 0.025 0.028125
0 0.50703125 0.6484375 0.0109375 0.0171875
0 0.66484375 0.396875 0.015625 0.01328125
0 0.56171875 0.34765625 0.0171875 0.02265625
0 0.784375 0.10703125 0.0125 0.0171875
0 0.5265625 0.97890625 0.01171875 0.01796875
0 0.8375 0.834375 0.01875 0.02109375
0 0.48046875 0.59140625 0.040625 0.0390625
0 0.42578125 0.5375 0.046875 0.06640625
0 0.30390625 0.57421875 0.01640625 0.02109375
0 0.690625 0.48046875 0.00859375 0.01875
0 0.4515625 0.69609375 0.0109375 0.015625
0 0.57578125 0.11171875 0.0125 0.0125
0 0.28515625 0.09140625 0.03515625 0.0484375
0 0.5515625 0.29375 0.02265625 0.021875
0 0.1625 0.9015625 0.046875 0.03515625
0 0.22421875 0.44453125 0.01875 0.015625
0 0.8265625 0.81171875 0.009375 0.01796875
0 0.8640625 0.7671875 0.02265625 0.01640625
0 0.309375 0.3765625 0.01953125 0.0203125
0 0.8109375 0.8625 0.084375 0.1015625
0 0.57109375 0.02421875 0.015625 0.0234375
0 0.196875 0.6328125 0.01875 0.02109375
0 0.46171875 0.7109375 0.01875 0.01796875
0 0.93046875 0.9015625 0.06875 0.07890625
0 0.17578125 0.63984375 0.02109375 0.02421875
0 0.275 0.07890625 0.01171875 0.01875
0 0.31640625 0.3265625 0.0125 0.01484375
0 0.76484375 0.50703125 0.0109375 0.02265625
0 0.43125 0.73125 0.0109375 0.015625
0 0.2890625 0.32421875 0.0109375 0.0125
0 0.91328125 0.91796875 0.01953125 0.01640625
0 0.1484375 0.8984375 0.01484375 0.01640625
0 0.18515625 0.59921875 0.025 0.0359375
0 0.31875 0.33828125 0.0140625 0.015625
0 0.56171875 0.30625 0.02109375 0.015625
0 0.5015625 0.5859375 0.0171875 0.02109375
0 0.28203125 0.37890625 0.01796875 0.01953125
0 0.38671875 0.209375 0.00625 0.01171875
0 0.16640625 0.6421875 0.0140625 0.01953125
0 0.95 0.8796875 0.02421875 0.0203125