0 0.3109375 0.18046875 0.01171875 0.01953125
0 0.5171875 0.375 0.0359375 0.06875
0 0.5578125 0.29765625 0.0359375 0.0546875
0 0.5109375 0.35703125 0.0140625 0.01875
0 0.04375 0.2171875 0.02109375 0.03515625
0 0.5828125 0.4140625 0.01328125 0.021875
0 0.0453125 0.209375 0.0109375 0.01640625
0 0.4984375 0.21875 0.03125 0.02890625
0 0.44375 0.09140625 0.03125 0.05
0 0.45390625 0.14453125 0.025 0.04140625
0 0.5703125 0.09375 0.03046875 0.04921875
0 0.50234375 0.25078125 0.01171875 0.02265625
0 0.51328125 0.2359375 0.0140625 0.0203125