0 0.4765625 0.37421875 0.08203125 0.1015625
0 0.3875 0.4875 0.034375 0.03828125
0 0.50078125 0.4265625 0.04296875 0.06484375
0 0.53359375 0.76171875 0.034375 0.0546875
0 0.66953125 0.62578125 0.04609375 0.04921875
0 0.3765625 0.2265625 0.053125 0.0640625
0 0.67109375 0.73359375 0.034375 0.05859375
0 0.3515625 0.3203125 0.06015625 0.078125
0 0.39296875 0.6375 0.05234375 0.06796875
0 0.55703125 0.71328125 0.03828125 0.0515625
0 0.47578125 0.2109375 0.0296875 0.01953125
0 0.515625 0.63046875 0.0390625 0.0421875
0 0.59453125 0.9734375 0.02890625 0.03203125
0 0.575 0.48828125 0.06953125 0.1078125
0 0.5390625 0.60703125 0.05859375 0.09765625
0 0.753125 0.540625 0.07578125 0.0984375
0 0.146875 0.02109375 0.034375 0.04140625
0 0.36171875 0.73671875 0.028125 0.03359375
0 0.25390625 0.51484375 0.05078125 0.06171875
0 0.378125 0.734375 0.06171875 0.0703125
0 0.0328125 0.3859375 0.05546875 0.0765625
0 0.2046875 0.4140625 0.06328125 0.07578125
0 0.4578125 0.571875 0.046875 0.05078125
0 0.57109375 0.02265625 0.0203125 0.025
0 0.91328125 0.065625 0.025 0.028125
0 0.48203125 0.7109375 0.03515625 0.0375
0 0.25859375 0.27890625 0.046875 0.04921875
0 0.1 0.309375 0.0328125 0.05859375
0 0.19296875 0.5703125 0.03984375 0.028125
0 0.596875 0.65078125 0.03203125 0.03515625
0 0.73984375 0.8796875 0.03046875 0.0375
0 0.34609375 0.60390625 0.0140625 0.01953125
0 0.81875 0.43515625 0.0484375 0.05703125
0 0.13359375 0.39453125 0.03515625 0.0328125
0 0.50703125 0.54609375 0.01796875 0.0171875
0 0.1375 0.0140625 0.01953125 0.01640625
0 0.934375 0.07890625 0.08359375 0.11171875
0 0.575 0.02578125 0.0484375 0.04765625
0 0.721875 0.38359375 0.0359375 0.0328125
0 0.371875 0.52421875 0.01640625 0.02265625
0 0.53828125 0.58046875 0.02578125 0.028125
0 0.759375 0.740625 0.04140625 0.0578125
0 0.20546875 0.5484375 0.0140625 0.0203125
0 0.3796875 0.89765625 0.08203125 0.11015625
0 0.7328125 0.5453125 0.02109375 0.015625
0 0.33515625 0.0765625 0.0171875 0.0125
0 0.37578125 0.640625 0.015625 0.02109375
0 0.31328125 0.59453125 0.0125 0.015625
0 0.60078125 0.67265625 0.04765625 0.06171875
0 0.60546875 0.96796875 0.059375 0.05859375
0 0.25703125 0.80234375 0.109375 0.12265625
0 0.53828125 0.33984375 0.1390625 0.21875
0 0.82890625 0.75390625 0.01640625 0.01796875
0 0.19140625 0.59140625 0.02578125 0.01953125
0 0.8390625 0.77265625 0.021875 0.021875
0 0.121875 0.603125 0.015625 0.01875
0 0.0296875 0.040625 0.03671875 0.05546875
0 0.153125 0.934375 0.01484375 0.0171875
0 0.03828125 0.37109375 0.01484375 0.021875
0 0.0578125 0.778125 0.01640625 0.02265625
0 0.8265625 0.740625 0.0234375 0.0265625
0 0.73125 0.1703125 0.025 0.02734375
0 0.80625 0.428125 0.01796875 0.01796875
0 0.1421875 0.9375 0.01328125 0.01484375
0 0.2984375 0.59375 0.021875 0.01953125
0 0.07109375 0.69375 0.03515625 0.05703125
0 0.7171875 0.39921875 0.059375 0.06875
0 0.56328125 0.071875 0.11640625 0.13515625
0 0.11875 0.1546875 0.03828125 0.05234375
0 0.059375 0.565625 0.01875 0.0140625
0 0.590625 0.69765625 0.02265625 0.028125
0 0.859375 0.56875 0.0140625 0.0234375
0 0.19921875 0.58046875 0.059375 0.06875
0 0.10234375 0.29296875 0.01328125 0.01875
0 0.29296875 0.58671875 0.01875 0.0140625
0 0.1140625 0.72265625 0.01953125 0.01953125
0 0.075 0.615625 0.01796875 0.02265625
0 0.23203125 0.83203125 0.02109375 0.028125
0 0.40546875 0.7515625 0.12421875 0.1609375
0 0.04765625 0.75546875 0.01875 0.0234375
0 0.46796875 0.6984375 0.01796875 0.02265625
0 0.36484375 0.21484375 0.015625 0.0125
0 0.01875 0.2375 0.021875 0.01796875
0 0.11015625 0.159375 0.01953125 0.015625
0 0.525 0.5703125 0.0140625 0.0171875
0 0.09296875 0.31171875 0.0140625 0.01328125
0 0.034375 0.47265625 0.01640625 0.0203125
0 0.753125 0.7484375 0.02109375 0.0234375
0 0.0640625 0.7859375 0.05546875 0.08984375
0 0.38671875 0.65390625 0.01328125 0.015625
0 0.27890625 0.79296875 0.021875 0.0234375
0 0.8296875 0.7265625 0.01796875 0.0234375
0 0.8265625 0.98203125 0.046875 0.0328125
0 0.01796875 0.62109375 0.0359375 0.0796875
0 0.5203125 0.67890625 0.01640625 0.01953125
0 0.75078125 0.72890625 0.01875 0.01875
0 0.059375 0.80390625 0.015625 0.02109375
0 0.70625 0.38359375 0.0234375 0.01796875
0 0.85078125 0.7484375 0.01484375 0.02109375
0 0.01171875 0.6046875 0.0234375 0.0296875
0 0.08046875 0.6359375 0.01953125 0.021875
0 0.10859375 0.62578125 0.0125 0.01953125
0 0.02109375 0.03515625 0.01953125 0.01484375
0 0.9875 0.67734375 0.02265625 0.040625
0 0.2453125 0.30703125 0.01875 0.0140625
0 0.0984375 0.59609375 0.03515625 0.0390625
0 0.3171875 0.20859375 0.01484375 0.009375
0 0.09921875 0.58671875 0.01328125 0.034375
0 0.8484375 0.41796875 0.025 0.02578125
0 0.72734375 0.90234375 0.01171875 0.0140625
0 0.08671875 0.58828125 0.0125 0.01953125
0 0.07890625 0.6015625 0.0203125 0.01796875