0 0.37265625 0.29609375 0.03125 0.02734375
0 0.23359375 0.20625 0.05390625 0.06328125
0 0.57890625 0.32578125 0.01875 0.02109375
0 0.33359375 0.290625 0.0140625 0.015625
0 0.52578125 0.11796875 0.01875 0.0234375
0 0.61015625 0.4140625 0.021875 0.025
0 0.21640625 0.2125 0.01171875 0.01640625
0 0.234375 0.32890625 0.02421875 0.02421875
0 0.8125 0.60859375 0.015625 0.03828125
0 0.67265625 0.5734375 0.0140625 0.015625
0 0.05546875 0.35703125 0.03671875 0.04375
0 0.590625 0.35859375 0.01328125 0.01640625
0 0.69609375 0.3359375 0.0171875 0.02109375
0 0.9859375 0.1015625 0.0203125 0.02734375
0 0.95859375 0.28515625 0.02734375 0.02578125
0 0.31484375 0.3125 0.0109375 0.01171875
0 0.0515625 0.353125 0.01328125 0.02265625
0 0.8625 0.33125 0.01796875 0.025
0 0.56953125 0.2734375 0.0125 0.01328125
0 0.59296875 0.83125 0.0203125 0.02109375
0 0.08984375 0.25625 0.01171875 0.0125
0 0.7453125 0.1359375 0.01875 0.02109375
0 0.56875 0.378125 0.02734375 0.0375
0 0.1078125 0.22421875 0.0109375 0.0109375
0 0.80625 0.35 0.028125 0.0328125
0 0.13984375 0.459375 0.015625 0.01953125
0 0.6125 0.078125 0.0140625 0.015625
0 0.96796875 0.2953125 0.0234375 0.021875
0 0.31953125 0.84296875 0.01328125 0.0203125
0 0.38203125 0.7484375 0.01015625 0.0109375
0 0.78671875 0.02734375 0.01796875 0.02109375
0 0.7125 0.8515625 0.0140625 0.01640625
0 0.628125 0.76875 0.0125 0.0171875
0 0.63046875 0.4921875 0.0171875 0.0203125
0 0.4296875 0.91875 0.0109375 0.015625
0 0.959375 0.61796875 0.0109375 0.01484375
0 0.4390625 0.86015625 0.0171875 0.0203125
0 0.4828125 0.05 0.0140625 0.0140625
0 0.8984375 0.13984375 0.0234375 0.02734375
0 0.55390625 0.01484375 0.01796875 0.0203125
0 0.7984375 0.64453125 0.009375 0.0125
0 0.8953125 0.15078125 0.0171875 0.01953125
0 0.7953125 0.790625 0.0203125 0.015625
0 0.07578125 0.41171875 0.0078125 0.0109375
0 0.61640625 0.07578125 0.02734375 0.0296875
0 0.9359375 0.7171875 0.0140625 0.015625
0 0.96796875 0.1203125 0.01328125 0.015625
0 0.40625 0.29375 0.0390625 0.0515625
0 0.64296875 0.60703125 0.0109375 0.0140625
0 0.72265625 0.15703125 0.0140625 0.021875
0 0.96953125 0.41171875 0.02734375 0.03515625
0 0.59609375 0.0265625 0.01015625 0.01328125
0 0.934375 0.25078125 0.028125 0.02734375
0 0.7125 0.5125 0.01171875 0.0125
0 0.81875 0.82890625 0.02578125 0.0265625
0 0.57109375 0.365625 0.01171875 0.01796875
0 0.56328125 0.3890625 0.0109375 0.015625
0 0.63671875 0.28359375 0.01875 0.0265625
0 0.940625 0.3234375 0.021875 0.02421875
0 0.8109375 0.590625 0.009375 0.0140625
0 0.52890625 0.30625 0.015625 0.0171875
0 0.86015625 0.3203125 0.01328125 0.0140625
0 0.99609375 0.3515625 0.0078125 0.021875
0 0.875 0.22109375 0.02265625 0.02890625
0 0.10859375 0.59921875 0.01328125 0.01640625
0 0.80703125 0.659375 0.00703125 0.0140625
0 0.9796875 0.2203125 0.0171875 0.01875
0 0.74296875 0.14765625 0.03359375 0.0359375
0 0.00859375 0.64609375 0.01171875 0.01015625
0 0.95703125 0.11171875 0.01328125 0.01328125
0 0.2609375 0.92265625 0.02109375 0.01875
0 0.00390625 0.3484375 0.00703125 0.01328125
0 0.72734375 0.878125 0.11015625 0.1484375
0 0.51796875 0.85390625 0.01328125 0.01484375
0 0.96796875 0.609375 0.009375 0.01015625
0 0.8796875 0.87421875 0.0109375 0.0125
0 0.940625 0.246875 0.01015625 0.01328125
0 0.8375 0.7390625 0.01640625 0.01796875
0 0.9734375 0.109375 0.04609375 0.06796875
0 0.07421875 0.90625 0.0109375 0.01171875
0 0.67578125 0.77890625 0.01875 0.02109375
0 0.1125 0.7359375 0.01015625 0.01328125
0 0.878125 0.60234375 0.028125 0.03671875
0 0.03828125 0.821875 0.00859375 0.01328125
0 0.8109375 0.64140625 0.00859375 0.01484375
0 0.99609375 0.0359375 0.0078125 0.01953125
0 0.6046875 0.315625 0.025 0.01796875
0 0.8734375 0.59609375 0.0125 0.0140625
0 0.9734375 0.2875 0.0171875 0.0140625
0 0.553125 0.94765625 0.01171875 0.01328125
0 0.13671875 0.99375 0.01796875 0.0125
0 0.13828125 0.459375 0.0078125 0.01015625
0 0.128125 0.51796875 0.01015625 0.01328125
0 0.72421875 0.9015625 0.0125 0.01484375
0 0.225 0.87890625 0.0109375 0.01484375
0 0.90390625 0.99453125 0.01640625 0.0109375
0 0.740625 0.690625 0.0125 0.01484375
0 0.28671875 0.784375 0.015625 0.0109375
0 0.54921875 0.890625 0.01171875 0.01640625
0 0.996875 0.87109375 0.00546875 0.0140625
0 0.76015625 0.7140625 0.01328125 0.0171875
0 0.87578125 0.428125 0.01640625 0.01328125
0 0.4890625 0.0078125 0.01875 0.0140625