0 0.15 0.53828125 0.025 0.0296875
0 0.02421875 0.40390625 0.015625 0.01796875
0 0.36640625 0.40859375 0.05390625 0.07734375
0 0.184375 0.47265625 0.01328125 0.0140625
0 0.30390625 0.56875 0.01171875 0.01484375
0 0.20390625 0.50625 0.0125 0.01640625
0 0.06328125 0.459375 0.01953125 0.0234375
0 0.09140625 0.3578125 0.015625 0.01796875
0 0.2953125 0.434375 0.009375 0.01328125
0 0.14296875 0.55078125 0.009375 0.01328125
0 0.225 0.4484375 0.009375 0.0109375
0 0.30859375 0.36328125 0.00859375 0.0125
0 0.415625 0.41796875 0.0109375 0.01171875
0 0.2203125 0.45234375 0.00859375 0.01171875
0 0.01640625 0.23125 0.0296875 0.021875
0 0.03828125 0.52265625 0.01171875 0.0109375
0 0.17421875 0.425 0.0203125 0.01796875
0 0.1171875 0.44609375 0.01875 0.0171875
0 0.03671875 0.2484375 0.00859375 0.01328125
0 0.365625 0.3828125 0.01171875 0.0140625
0 0.034375 0.41484375 0.009375 0.01171875
0 0.17109375 0.05859375 0.09140625 0.10234375
0 0.05 0.21640625 0.0109375 0.015625
0 0.36015625 0.98046875 0.0125 0.0265625
0 0.73671875 0.59609375 0.01328125 0.0140625
0 0.2203125 0.86328125 0.0109375 0.01328125
0 0.45546875 0.35 0.0078125 0.0140625
0 0.0375 0.17578125 0.01015625 0.01171875
0 0.31015625 0.14453125 0.021875 0.0234375
0 0.19921875 0.9890625 0.01796875 0.0171875
0 0.64375 0.0890625 0.040625 0.04140625
0 0.0515625 0.02265625 0.02734375 0.02265625
0 0.68125 0.62265625 0.02421875 0.0296875
0 0.78203125 0.140625 0.034375 0.04296875
0 0.7046875 0.53984375 0.0171875 0.021875
0 0.2765625 0.3703125 0.0140625 0.02265625
0 0.55390625 0.4421875 0.05859375 0.0828125
0 0.6125 0.94921875 0.02265625 0.03046875
0 0.60234375 0.21015625 0.01640625 0.021875
0 0.478125 0.98046875 0.0109375 0.0140625
0 0.24921875 0.97734375 0.0296875 0.034375
0 0.540625 0.38046875 0.0203125 0.028125
0 0.7140625 0.3609375 0.02265625 0.02578125
0 0.7265625 0.78125 0.01015625 0.0171875
0 0.2515625 0.0234375 0.0359375 0.03515625
0 0.39375 0.97265625 0.01171875 0.0125
0 0.84921875 0.3734375 0.01484375 0.0265625
0 0.1234375 0.94921875 0.0109375 0.0140625
0 0.53671875 0.546875 0.0328125 0.040625
0 0.88046875 0.0265625 0.06484375 0.0515625
0 0.553125 0.34375 0.05625 0.08671875
0 0.91875 0.2015625 0.015625 0.0203125
0 0.5828125 0.98359375 0.01328125 0.0171875
0 0.54609375 0.35078125 0.01015625 0.0140625
0 0.8734375 0.52734375 0.021875 0.03125
0 0.64609375 0.278125 0.03203125 0.03203125
0 0.8921875 0.35390625 0.03046875 0.03359375
0 0.6328125 0.93671875 0.025 0.025
0 0.2390625 0.98984375 0.00859375 0.0109375
0 0.85703125 0.45625 0.00625 0.0109375
0 0.5515625 0.49609375 0.046875 0.05859375
0 0.8671875 0.3796875 0.01640625 0.03125
0 0.76640625 0.6625 0.01328125 0.0265625
0 0.49765625 0.6390625 0.0125 0.0171875
0 0.34375 0.8125 0.0359375 0.0296875
0 0.975 0.0390625 0.05 0.06953125
0 0.1296875 0.94921875 0.0125 0.01171875
0 0.3 0.846875 0.0375 0.04140625
0 0.88984375 0.5015625 0.00625 0.009375
0 0.68046875 0.8453125 0.009375 0.01640625
0 0.32734375 0.109375 0.09453125 0.09296875
0 0.60546875 0.25625 0.0203125 0.0265625
0 0.9484375 0.546875 0.05234375 0.05859375
0 0.24140625 0.97890625 0.0125 0.009375
0 0.9953125 0.73671875 0.00859375 0.01875