0 0.27734375 0.07734375 0.03984375 0.04375
0 0.321875 0.728125 0.03359375 0.0453125
0 0.153125 0.36875 0.04296875 0.05234375
0 0.378125 0.68203125 0.01875 0.0265625
0 0.34453125 0.72890625 0.02578125 0.040625
0 0.25625 0.5640625 0.01953125 0.02734375
0 0.421875 0.75703125 0.02109375 0.02890625
0 0.04375 0.09140625 0.01171875 0.01875
0 0.4375 0.77265625 0.05625 0.06875
0 0.30390625 0.64453125 0.03203125 0.0328125
0 0.159375 0.65859375 0.021875 0.03203125
0 0.52421875 0.76171875 0.015625 0.0234375
0 0.259375 0.5578125 0.01015625 0.0140625
0 0.50078125 0.959375 0.05546875 0.0671875
0 0.31875 0.78203125 0.0234375 0.0328125
0 0.00703125 0.7828125 0.01328125 0.01796875
0 0.2765625 0.875 0.0234375 0.0375
0 0.5640625 0.36484375 0.05859375 0.0921875
0 0.3921875 0.80546875 0.0296875 0.04375
0 0.0125 0.03671875 0.025 0.0421875
0 0.5265625 0.3359375 0.02109375 0.01796875
0 0.146875 0.37890625 0.0078125 0.0109375
0 0.33125 0.7453125 0.05703125 0.10625
0 0.4328125 0.0984375 0.03046875 0.03359375
0 0.009375 0.0296875 0.01171875 0.0171875
0 0.28828125 0.0578125 0.10859375 0.10859375
0 0.13046875 0.48203125 0.01015625 0.0125
0 0.5578125 0.37578125 0.01171875 0.0171875
0 0.1578125 0.8625 0.0296875 0.0390625
0 0.49375 0.2328125 0.0609375 0.109375
0 0.4265625 0.08984375 0.0140625 0.01796875
0 0.4078125 0.03828125 0.01640625 0.01796875
0 0.05234375 0.0796875 0.10234375 0.14296875
0 0.57421875 0.65859375 0.16640625 0.25625
0 0.4234375 0.05859375 0.01171875 0.01484375
0 0.16015625 0.10234375 0.1578125 0.18046875