0 0.3265625 0.053125 0.02265625 0.028125
0 0.71328125 0.82890625 0.01953125 0.01953125
0 0.51640625 0.38125 0.05234375 0.075
0 0.3375 0.6234375 0.0203125 0.02890625
0 0.4828125 0.90546875 0.03125 0.03515625
0 0.94375 0.66015625 0.01875 0.0234375
0 0.590625 0.7328125 0.040625 0.06328125
0 0.203125 0.56796875 0.01796875 0.02265625
0 0.634375 0.12109375 0.01875 0.02109375
0 0.2109375 0.2953125 0.01640625 0.0140625
0 0.53125 0.71328125 0.02578125 0.02890625
0 0.21328125 0.65625 0.015625 0.01875
0 0.32890625 0.66796875 0.03046875 0.03203125
0 0.63359375 0.13515625 0.021875 0.0234375
0 0.19765625 0.28984375 0.01328125 0.01328125
0 0.971875 0.5953125 0.0171875 0.02578125
0 0.6671875 0.3734375 0.0578125 0.0765625
0 0.33515625 0.64453125 0.04609375 0.0734375
0 0.528125 0.60546875 0.034375 0.046875
0 0.809375 0.56328125 0.03671875 0.04609375
0 0.47265625 0.5265625 0.03515625 0.03515625
0 0.74609375 0.6890625 0.03046875 0.03828125
0 0.57890625 0.3359375 0.0125 0.0171875
0 0.55234375 0.56015625 0.015625 0.02421875
0 0.115625 0.64609375 0.0203125 0.03671875
0 0.1359375 0.55859375 0.07265625 0.08671875
0 0.534375 0.178125 0.05078125 0.08203125
0 0.80390625 0.696875 0.01953125 0.01796875
0 0.7046875 0.17109375 0.034375 0.04375
0 0.5453125 0.31171875 0.02890625 0.03125
0 0.6 0.6125 0.02578125 0.03203125
0 0.8953125 0.3453125 0.0421875 0.06875
0 0.9859375 0.6265625 0.025 0.03125
0 0.24921875 0.51875 0.01328125 0.01640625
0 0.6578125 0.359375 0.03046875 0.01953125
0 0.71328125 0.84609375 0.0171875 0.01640625
0 0.875 0.14765625 0.0390625 0.059375
0 0.62578125 0.93203125 0.05234375 0.08203125
0 0.64921875 0.278125 0.0234375 0.02578125
0 0.725 0.2203125 0.021875 0.02265625
0 0.06953125 0.6203125 0.01640625 0.01875
0 0.57578125 0.52265625 0.02109375 0.02265625
0 0.7046875 0.7421875 0.03203125 0.04296875
0 0.5453125 0.71171875 0.071875 0.090625
0 0.534375 0.66875 0.03984375 0.03515625
0 0.15546875 0.128125 0.02265625 0.0390625
0 0.21328125 0.30078125 0.01015625 0.01328125
0 0.67890625 0.34609375 0.0171875 0.0171875
0 0.7984375 0.196875 0.02421875 0.0265625
0 0.7828125 0.84296875 0.01796875 0.01796875
0 0.62421875 0.49609375 0.04609375 0.05859375
0 0.2796875 0.53671875 0.015625 0.01640625
0 0.74921875 0.68359375 0.0171875 0.01796875
0 0.46328125 0.97265625 0.03203125 0.03359375
0 0.6078125 0.5671875 0.0203125 0.01953125
0 0.5421875 0.5796875 0.07578125 0.11875
0 0.9109375 0.703125 0.01953125 0.0296875
0 0.696875 0.72890625 0.01328125 0.01484375
0 0.53828125 0.29921875 0.025 0.02109375
0 0.6515625 0.084375 0.0796875 0.11015625
0 0.51953125 0.6015625 0.01875 0.025
0 0.88671875 0.3765625 0.0171875 0.0140625
0 0.2125 0.021875 0.04609375 0.0375
0 0.9046875 0.68515625 0.0109375 0.01484375
0 0.53046875 0.04140625 0.03125 0.02421875
0 0.12578125 0.625 0.021875 0.0203125
0 0.615625 0.06796875 0.03515625 0.04296875
0 0.878125 0.75 0.0421875 0.08046875
0 0.5359375 0.9078125 0.01484375 0.01640625
0 0.61953125 0.91484375 0.0171875 0.01953125
0 0.6328125 0.6421875 0.01640625 0.0203125
0 0.6640625 0.47265625 0.01484375 0.01640625
0 0.503125 0.81015625 0.0109375 0.0125
0 0.49453125 0.2859375 0.0140625 0.01640625
0 0.72734375 0.40234375 0.01796875 0.01484375
0 0.825 0.8734375 0.0609375 0.08359375
0 0.896875 0.26640625 0.015625 0.0140625
0 0.7046875 0.27109375 0.01484375 0.0140625
0 0.69453125 0.278125 0.0140625 0.01484375
0 0.60234375 0.06875 0.0140625 0.01875
0 0.1546875 0.15546875 0.0125 0.02265625
0 0.8734375 0.1078125 0.01171875 0.0203125
0 0.9953125 0.146875 0.009375 0.02109375
0 0.54140625 0.16171875 0.02109375 0.03671875
0 0.646875 0.0140625 0.025 0.02578125
0 0.5609375 0.4140625 0.0171875 0.0109375
0 0.8109375 0.89921875 0.01171875 0.0171875
0 0.96796875 0.08984375 0.01484375 0.015625
0 0.70859375 0.23359375 0.08125 0.15546875
0 0.9578125 0.2078125 0.0140625 0.0140625
0 0.83828125 0.63828125 0.0375 0.03828125
0 0.884375 0.73984375 0.01640625 0.02265625
0 0.6453125 0.12890625 0.01953125 0.0265625
0 0.3234375 0.7859375 0.16171875 0.20625
0 0.97734375 0.0234375 0.0140625 0.01640625
0 0.49296875 0.46875 0.00859375 0.0125
0 0.69453125 0.58359375 0.021875 0.01171875
0 0.23828125 0.44453125 0.02890625 0.025
0 0.803125 0.39765625 0.0140625 0.015625
0 0.60546875 0.5359375 0.0359375 0.03984375
0 0.625 0.6125 0.03203125 0.04140625