0 0.52265625 0.23671875 0.05078125 0.05703125
0 0.603125 0.13203125 0.0328125 0.04765625
0 0.509375 0.23046875 0.02890625 0.034375
0 0.271875 0.3140625 0.03984375 0.05234375
0 0.215625 0.68203125 0.0515625 0.05234375
0 0.19140625 0.7484375 0.021875 0.02734375
0 0.23203125 0.3546875 0.01640625 0.02421875
0 0.6640625 0.16171875 0.01796875 0.025
0 0.45 0.19765625 0.01484375 0.01953125
0 0.10703125 0.60625 0.01640625 0.01796875
0 0.06171875 0.58046875 0.02578125 0.0296875
0 0.3515625 0.29609375 0.02734375 0.03125
0 0.2359375 0.34296875 0.01484375 0.0171875
0 0.43125 0.2140625 0.01015625 0.015625
0 0.43359375 0.28671875 0.0125 0.01640625
0 0.75859375 0.2515625 0.03125 0.02890625
0 0.3421875 0.15546875 0.01328125 0.01640625
0 0.45078125 0.28984375 0.01328125 0.0140625
0 0.1796875 0.36640625 0.01484375 0.0171875
0 0.3515625 0.1234375 0.01640625 0.01953125
0 0.56953125 0.1421875 0.0125 0.0171875
0 0.20234375 0.43671875 0.015625 0.01640625
0 0.18828125 0.43125 0.0140625 0.01484375
0 0.50078125 0.22734375 0.009375 0.01171875
0 0.61328125 0.23828125 0.01328125 0.0140625
0 0.37734375 0.4921875 0.01484375 0.01640625
0 0.7453125 0.2265625 0.0140625 0.01328125
0 0.7015625 0.165625 0.0203125 0.02734375
0 0.44375 0.53828125 0.01171875 0.0140625
0 0.5359375 0.525 0.0125 0.015625
0 0.61875 0.1984375 0.0109375 0.01171875
0 0.47421875 0.58203125 0.01171875 0.0171875
0 0.3921875 0.49140625 0.00859375 0.0140625
0 0.35859375 0.6015625 0.01015625 0.0140625
0 0.7296875 0.221875 0.0109375 0.01171875
0 0.66484375 0.4671875 0.01015625 0.01171875
0 0.33046875 0.30234375 0.02578125 0.025
0 0.9875 0.1296875 0.02265625 0.03125
0 0.06171875 0.96484375 0.0125 0.0171875
0 0.240625 0.6078125 0.009375 0.015625
0 0.2375 0.753125 0.015625 0.0203125
0 0.13984375 0.696875 0.01171875 0.0125
0 0.05703125 0.56015625 0.01171875 0.0140625
0 0.38359375 0.19140625 0.0234375 0.03046875
0 0.16328125 0.73125 0.01328125 0.0140625
0 0.21015625 0.953125 0.11875 0.09296875
0 0.1546875 0.109375 0.0078125 0.0140625
0 0.371875 0.95390625 0.01328125 0.01875
0 0.015625 0.93671875 0.01484375 0.01328125
0 0.23515625 0.33046875 0.01796875 0.02109375
0 0.4625 0.934375 0.01484375 0.0171875
0 0.8453125 0.11640625 0.0109375 0.0171875
0 0.02265625 0.3421875 0.0171875 0.01953125
0 0.45 0.67421875 0.05546875 0.04609375
0 0.36875 0.65625 0.0125 0.01640625
0 0.2578125 0.8421875 0.0125 0.0140625
0 0.53515625 0.4125 0.01796875 0.01484375
0 0.875 0.32890625 0.00703125 0.01796875
0 0.56875 0.40234375 0.0140625 0.01484375
0 0.296875 0.56640625 0.0203125 0.034375
0 0.66171875 0.634375 0.0921875 0.115625
0 0.9328125 0.2859375 0.00859375 0.01328125
0 0.0140625 0.88203125 0.01171875 0.01328125
0 0.78828125 0.3703125 0.0140625 0.0140625
0 0.2453125 0.2046875 0.09375 0.12421875
0 0.303125 0.4890625 0.0125 0.01640625
0 0.55390625 0.59609375 0.01796875 0.01640625
0 0.15546875 0.31015625 0.025 0.03125
0 0.3171875 0.859375 0.01953125 0.02421875
0 0.74375 0.63984375 0.04296875 0.0453125
0 0.5 0.55703125 0.021875 0.03203125
0 0.65 0.09921875 0.0171875 0.0203125
0 0.30859375 0.3953125 0.071875 0.0921875
0 0.790625 0.48515625 0.01328125 0.01796875
0 0.28046875 0.696875 0.06640625 0.084375
0 0.5734375 0.25546875 0.0125 0.0140625
0 0.17109375 0.0875 0.01015625 0.02734375
0 0.353125 0.2609375 0.01953125 0.0234375
0 0.84453125 0.42265625 0.015625 0.01640625
0 0.64921875 0.81484375 0.0453125 0.04296875
0 0.040625 0.4671875 0.01640625 0.0171875
0 0.7046875 0.515625 0.01640625 0.01796875
0 0.3578125 0.0328125 0.01484375 0.01640625
0 0.53046875 0.05234375 0.015625 0.03515625
0 0.23515625 0.25546875 0.01953125 0.021875
0 0.32578125 0.31953125 0.071875 0.11015625
0 0.2921875 0.61640625 0.0171875 0.04375
0 0.42734375 0.98671875 0.01328125 0.01171875
0 0.52734375 0.08671875 0.03046875 0.0265625
0 0.69921875 0.153125 0.0234375 0.01953125
0 0.2875 0.83125 0.0203125 0.021875
0 0.63359375 0.11953125 0.01171875 0.015625
0 0.3296875 0.1328125 0.009375 0.0125
0 0.0296875 0.48515625 0.0421875 0.034375
0 0.20625 0.853125 0.01484375 0.01875
0 0.6890625 0.14921875 0.0171875 0.0203125
0 0.85859375 0.98671875 0.02578125 0.0234375
0 0.5015625 0.02421875 0.00859375 0.0171875
0 0.9171875 0.4890625 0.01875 0.02265625
0 0.7140625 0.7328125 0.03984375 0.04140625
0 0.8484375 0.9828125 0.01328125 0.01953125
0 0.7375 0.97109375 0.02578125 0.03046875
0 0.95859375 0.80625 0.08203125 0.1296875
0 0.00546875 0.05703125 0.0109375 0.0203125
0 0.3546875 0.278125 0.021875 0.02109375
0 0.88125 0.2375 0.03046875 0.04453125
0 0.9265625 0.55 0.01328125 0.015625
0 0.66484375 0.96953125 0.0578125 0.05390625
0 0.925 0.234375 0.0109375 0.0140625
0 0.84296875 0.62890625 0.03828125 0.059375
0 0.98125 0.603125 0.02265625 0.03046875
0 0.08203125 0.00859375 0.0140625 0.015625
0 0.9734375 0.39140625 0.053125 0.109375