0 0.70078125 0.11796875 0.03125 0.03359375
0 0.50703125 0.4609375 0.02265625 0.0171875
0 0.6265625 0.084375 0.02421875 0.02734375
0 0.4375 0.0265625 0.02734375 0.03203125
0 0.62578125 0.07109375 0.0203125 0.02265625
0 0.08515625 0.13671875 0.01875 0.0234375
0 0.6703125 0.265625 0.02109375 0.03046875
0 0.07578125 0.1234375 0.02265625 0.0296875
0 0.7953125 0.14375 0.028125 0.0296875
0 0.728125 0.63046875 0.0203125 0.0265625
0 0.86953125 0.39375 0.03359375 0.04140625
0 0.4703125 0.353125 0.01640625 0.01640625
0 0.87578125 0.34453125 0.0234375 0.02421875
0 0.48515625 0.371875 0.021875 0.021875
0 0.6703125 0.25 0.01875 0.02265625
0 0.09140625 0.26875 0.040625 0.0515625
0 0.7015625 0.15625 0.08515625 0.1234375
0 0.4984375 0.45546875 0.009375 0.0125
0 0.54921875 0.0265625 0.02578125 0.0375
0 0.18828125 0.8375 0.03046875 0.03515625
0 0.3796875 0.3828125 0.0328125 0.0296875
0 0.78984375 0.1515625 0.01328125 0.01640625
0 0.8125 0.58671875 0.0140625 0.01875
0 0.58671875 0.084375 0.01640625 0.01796875
0 0.8875 0.29921875 0.01796875 0.0234375
0 0.96484375 0.16875 0.04296875 0.08515625
0 0.43828125 0.06796875 0.04296875 0.05078125
0 0.68046875 0.2 0.02109375 0.02421875
0 0.93046875 0.0609375 0.01796875 0.021875
0 0.51640625 0.453125 0.0125 0.01171875
0 0.19296875 0.82890625 0.01328125 0.015625
0 0.928125 0.33671875 0.01484375 0.01796875
0 0.6859375 0.1453125 0.03046875 0.05390625
0 0.4453125 0.05625 0.01640625 0.021875
0 0.7375 0.13046875 0.01953125 0.01640625
0 0.9078125 0.28203125 0.015625 0.02890625
0 0.615625 0.04609375 0.01328125 0.01875
0 0.26640625 0.07890625 0.01484375 0.01875
0 0.128125 0.12890625 0.04296875 0.06015625
0 0.63046875 0.41796875 0.01171875 0.015625
0 0.25546875 0.61328125 0.015625 0.01875
0 0.0921875 0.0671875 0.0203125 0.025
0 0.49765625 0.3609375 0.015625 0.0171875
0 0.3640625 0.175 0.0171875 0.0234375
0 0.1421875 0.18828125 0.01328125 0.02109375
0 0.81875 0.59140625 0.03203125 0.03359375
0 0.7046875 0.59765625 0.0140625 0.01640625
0 0.334375 0.84609375 0.01640625 0.0140625
0 0.80703125 0.66015625 0.01875 0.01796875
0 0.26796875 0.5671875 0.0203125 0.025
0 0.8625 0.37109375 0.01875 0.0171875
0 0.93203125 0.325 0.0171875 0.0234375
0 0.10390625 0.88359375 0.01328125 0.0140625
0 0.5828125 0.40703125 0.0140625 0.015625
0 0.55 0.240625 0.01875 0.01640625
0 0.68828125 0.04453125 0.0328125 0.0375
0 0.421875 0.784375 0.01640625 0.015625
0 0.8609375 0.41015625 0.01640625 0.01484375
0 0.2453125 0.64921875 0.0140625 0.02265625
0 0.64765625 0.63046875 0.01171875 0.01640625
0 0.2046875 0.0453125 0.0125 0.0171875
0 0.46796875 0.24921875 0.01796875 0.01875
0 0.3859375 0.65390625 0.00703125 0.01328125
0 0.79765625 0.746875 0.015625 0.0171875
0 0.96640625 0.134375 0.01171875 0.0171875
0 0.08203125 0.25859375 0.01484375 0.01796875
0 0.89453125 0.5109375 0.01796875 0.01953125
0 0.9703125 0.12265625 0.01484375 0.01796875
0 0.678125 0.13828125 0.0125 0.01484375
0 0.11875 0.13515625 0.0203125 0.02421875
0 0.89921875 0.65546875 0.0234375 0.02421875
0 0.925 0.05234375 0.01171875 0.01640625
0 0.36015625 0.38671875 0.01640625 0.02109375
0 0.1 0.575 0.0109375 0.01640625
0 0.8296875 0.45390625 0.0125 0.01796875
0 0.75703125 0.46875 0.0140625 0.015625
0 0.57890625 0.25625 0.015625 0.01953125
0 0.94375 0.678125 0.0125 0.0171875
0 0.81875 0.809375 0.01640625 0.01953125
0 0.89375 0.115625 0.01171875 0.01484375
0 0.86484375 0.35 0.01796875 0.01640625
0 0.91953125 0.03125 0.01953125 0.021875
0 0.46796875 0.95390625 0.015625 0.0203125
0 0.53203125 0.565625 0.0171875 0.0125
0 0.6703125 0.41953125 0.01171875 0.0234375
0 0.4265625 0.06328125 0.01875 0.0203125
0 0.12265625 0.5828125 0.1046875 0.1515625
0 0.1296875 0.88203125 0.015625 0.0125
0 0.95859375 0.1796875 0.01328125 0.0234375
0 0.86640625 0.8625 0.0109375 0.0140625
0 0.45390625 0.06796875 0.078125 0.09921875
0 0.534375 0.11484375 0.00859375 0.01328125
0 0.16640625 0.175 0.01171875 0.021875
0 0.3859375 0.42109375 0.0109375 0.01796875
0 0.11953125 0.09140625 0.0484375 0.0375
0 0.55625 0.37890625 0.01015625 0.015625
0 0.57734375 0.56015625 0.01484375 0.0171875
0 0.69375 0.046875 0.0640625 0.0734375
0 0.24375 0.6765625 0.0140625 0.01953125
0 0.8734375 0.96640625 0.01328125 0.015625
0 0.83203125 0.25078125 0.02890625 0.025
0 0.38359375 0.359375 0.009375 0.01875
0 0.909375 0.21328125 0.0109375 0.01796875
0 0.525 0.046875 0.02109375 0.02265625
0 0.5421875 0.42109375 0.07578125 0.10859375
0 0.12109375 0.81015625 0.025 0.03671875
0 0.253125 0.62890625 0.090625 0.1453125
0 0.371875 0.878125 0.009375 0.0125
0 0.55546875 0.68984375 0.12890625 0.20703125
0 0.22734375 0.37265625 0.13125 0.15390625
0 0.046875 0.50703125 0.0140625 0.02421875
0 0.6359375 0.396875 0.01640625 0.025
0 0.35546875 0.39609375 0.02109375 0.025
0 0.01171875 0.44765625 0.01484375 0.0234375
0 0.95 0.25078125 0.01640625 0.0203125
0 0.37890625 0.39609375 0.01328125 0.021875
0 0.8703125 0.3203125 0.0125 0.0140625
0 0.7078125 0.0140625 0.0171875 0.015625
0 0.021875 0.46875 0.02890625 0.04375
0 0.60390625 0.2453125 0.04140625 0.028125
0 0.81875 0.41015625 0.0234375 0.0234375
0 0.99296875 0.28671875 0.0140625 0.0234375
0 0.46171875 0.415625 0.0078125 0.01796875