0 0.23125 0.46171875 0.03203125 0.04609375
0 0.3359375 0.515625 0.02890625 0.0296875
0 0.13359375 0.4875 0.02109375 0.03359375
0 0.2125 0.67421875 0.06953125 0.071875
0 0.1296875 0.1875 0.0359375 0.05703125
0 0.0546875 0.3609375 0.02578125 0.04140625
0 0.80546875 0.6578125 0.04296875 0.0515625
0 0.6046875 0.84296875 0.0640625 0.0796875
0 0.11640625 0.08984375 0.01875 0.02421875
0 0.425 0.33359375 0.0421875 0.04296875
0 0.30078125 0.23515625 0.0296875 0.02578125
0 0.653125 0.3671875 0.03671875 0.04375
0 0.31171875 0.62109375 0.09765625 0.10859375
0 0.0921875 0.253125 0.046875 0.053125
0 0.765625 0.36328125 0.04609375 0.04921875
0 0.2359375 0.80703125 0.03125 0.02890625
0 0.09140625 0.03984375 0.02890625 0.04140625
0 0.228125 0.61796875 0.084375 0.11015625
0 0.36015625 0.2109375 0.059375 0.07734375
0 0.0609375 0.91171875 0.0359375 0.0484375
0 0.34921875 0.75078125 0.01953125 0.03125
0 0.053125 0.15078125 0.02890625 0.0390625
0 0.36796875 0.44921875 0.0234375 0.02109375
0 0.11640625 0.53515625 0.03125 0.0359375
0 0.16171875 0.6734375 0.0484375 0.06640625
0 0.08828125 0.0296875 0.0171875 0.01875
0 0.3109375 0.2234375 0.05625 0.0703125
0 0.1203125 0.628125 0.0515625 0.071875
0 0.2375 0.81875 0.04921875 0.06484375
0 0.46875 0.08515625 0.0421875 0.07421875
0 0.2109375 0.14140625 0.04453125 0.046875
0 0.58671875 0.07890625 0.02421875 0.01953125
0 0.10078125 0.1640625 0.01484375 0.028125
0 0.30546875 0.21484375 0.01796875 0.0171875
0 0.840625 0.58203125 0.0515625 0.0625
0 0.4140625 0.0203125 0.04140625 0.0375
0 0.325 0.4734375 0.04453125 0.05
0 0.1109375 0.17578125 0.05 0.06328125
0 0.5953125 0.115625 0.02734375 0.02578125
0 0.4765625 0.2515625 0.04140625 0.053125
0 0.134375 0.48125 0.01171875 0.015625
0 0.3921875 0.9609375 0.0515625 0.06875
0 0.07421875 0.2703125 0.0140625 0.02109375
0 0.12265625 0.06953125 0.059375 0.09140625
0 0.06328125 0.56484375 0.01640625 0.02265625
0 0.3453125 0.4890625 0.09296875 0.10703125
0 0.70625 0.3703125 0.0140625 0.015625
0 0.6046875 0.4109375 0.0171875 0.0296875
0 0.22890625 0.471875 0.01171875 0.01328125
0 0.42734375 0.36328125 0.021875 0.028125
0 0.94453125 0.2265625 0.0109375 0.01328125
0 0.09296875 0.0921875 0.015625 0.01484375
0 0.13125 0.296875 0.07578125 0.08984375
0 0.56015625 0.95703125 0.0875 0.0765625
0 0.8140625 0.13984375 0.046875 0.05
0 0.5609375 0.0796875 0.04296875 0.0546875
0 0.65 0.50546875 0.01640625 0.01484375
0 0.175 0.55234375 0.0125 0.01328125
0 0.89375 0.45859375 0.0875 0.08125
0 0.33515625 0.0234375 0.0515625 0.04296875
0 0.5640625 0.4625 0.0125 0.01484375
0 0.02109375 0.28359375 0.015625 0.02265625
0 0.5546875 0.30703125 0.0265625 0.0296875
0 0.615625 0.64453125 0.0171875 0.015625
0 0.503125 0.65390625 0.0109375 0.02265625
0 0.22265625 0.08203125 0.10703125 0.1203125
0 0.8984375 0.640625 0.0109375 0.01328125
0 0.04921875 0.70546875 0.025 0.01796875
0 0.75546875 0.13359375 0.053125 0.06328125
0 0.6078125 0.42421875 0.04375 0.05859375
0 0.35 0.21328125 0.015625 0.0140625
0 0.3984375 0.30625 0.01796875 0.0203125
0 0.97578125 0.78671875 0.04765625 0.0703125
0 0.4546875 0.53984375 0.0203125 0.02265625
0 0.4828125 0.85859375 0.0203125 0.0203125
0 0.19140625 0.39921875 0.01328125 0.0109375
0 0.38671875 0.0328125 0.01640625 0.015625
0 0.16484375 0.95390625 0.02890625 0.03984375
0 0.51484375 0.31796875 0.053125 0.06484375
0 0.6875 0.646875 0.0703125 0.09765625
0 0.74921875 0.3578125 0.01328125 0.01328125
0 0.465625 0.08203125 0.01328125 0.015625
0 0.059375 0.35 0.01328125 0.01640625
0 0.309375 0.2 0.01328125 0.0203125
0 0.4125 0.1046875 0.021875 0.0171875
0 0.18203125 0.95703125 0.07265625 0.07109375
0 0.5671875 0.296875 0.01875 0.02421875
0 0.2234375 0.94140625 0.03046875 0.025
0 0.5609375 0.33984375 0.01640625 0.0203125
0 0.303125 0.25546875 0.01484375 0.015625
0 0.19765625 0.8453125 0.0203125 0.01875
0 0.66328125 0.02109375 0.04296875 0.0390625
0 0.03515625 0.51015625 0.0203125 0.02578125
0 0.4640625 0.11875 0.0140625 0.0125
0 0.10703125 0.8890625 0.01484375 0.01640625
0 0.46640625 0.3625 0.0109375 0.01640625
0 0.340625 0.8265625 0.01875 0.0140625
0 0.3234375 0.53046875 0.01171875 0.01328125
0 0.98515625 0.6828125 0.01015625 0.01328125
0 0.9109375 0.83671875 0.021875 0.02109375
0 0.11640625 0.13359375 0.01171875 0.01171875
0 0.5203125 0.01875 0.0484375 0.03515625
0 0.31171875 0.4765625 0.0140625 0.0125
0 0.51875 0.2953125 0.01328125 0.0234375
0 0.3 0.8984375 0.02109375 0.0265625
0 0.56953125 0.3171875 0.059375 0.0734375
0 0.58515625 0.29765625 0.01875 0.01796875
0 0.0390625 0.5421875 0.01328125 0.01640625
0 0.8296875 0.59921875 0.01328125 0.01953125
0 0.44921875 0.49140625 0.01875 0.0265625
0 0.890625 0.79375 0.02265625 0.03359375
0 0.34921875 0.77734375 0.0171875 0.021875
0 0.96015625 0.88203125 0.015625 0.0265625
0 0.06640625 0.98359375 0.01796875 0.02109375
0 0.8953125 0.84921875 0.028125 0.025
0 0.975 0.58828125 0.0484375 0.071875
0 0.43046875 0.52421875 0.02109375 0.02109375
0 0.02265625 0.53046875 0.0203125 0.0234375
0 0.9234375 0.8546875 0.02421875 0.025
0 0.2796875 0.9140625 0.025 0.02421875
0 0.30390625 0.91328125 0.01328125 0.0203125
0 0.6140625 0.0859375 0.01640625 0.01328125
0 0.1046875 0.01328125 0.01328125 0.01484375
0 0.00703125 0.81796875 0.0140625 0.01796875
0 0.6953125 0.078125 0.06875 0.0859375
0 0.9796875 0.56953125 0.03046875 0.03125
0 0.28359375 0.89375 0.02109375 0.02421875
0 0.409375 0.1140625 0.0234375 0.015625
0 0.31640625 0.1546875 0.01796875 0.025
0 0.68671875 0.18125 0.06328125 0.06875
0 0.65859375 0.01640625 0.01484375 0.0125
0 0.65625 0.64765625 0.02109375 0.01171875
0 0.17890625 0.44765625 0.01796875 0.0328125