0 0.76484375 0.12890625 0.03984375 0.0578125
0 0.7609375 0.17109375 0.0171875 0.0203125
0 0.2390625 0.6609375 0.04375 0.04296875
0 0.5828125 0.209375 0.01953125 0.02578125
0 0.1921875 0.78515625 0.02578125 0.02734375
0 0.23125 0.659375 0.01796875 0.01484375
0 0.225 0.7640625 0.02265625 0.01953125
0 0.13046875 0.240625 0.021875 0.02265625
0 0.69453125 0.14921875 0.0265625 0.0234375
0 0.76640625 0.24453125 0.0125 0.01640625
0 0.2 0.38046875 0.034375 0.04296875
0 0.703125 0.4875 0.015625 0.021875
0 0.2390625 0.028125 0.0234375 0.02578125
0 0.25234375 0.659375 0.08203125 0.096875
0 0.54140625 0.81640625 0.01875 0.01796875
0 0.58984375 0.2671875 0.01640625 0.01796875
0 0.15859375 0.7328125 0.05546875 0.0734375
0 0.71640625 0.1546875 0.01171875 0.01328125
0 0.328125 0.41171875 0.025 0.0265625
0 0.91953125 0.56796875 0.01796875 0.01875
0 0.50859375 0.62265625 0.01484375 0.01875
0 0.1234375 0.33046875 0.02890625 0.0328125
0 0.74453125 0.38046875 0.01328125 0.0125
0 0.3984375 0.3890625 0.0109375 0.0140625
0 0.5390625 0.66328125 0.0109375 0.015625
0 0.4625 0.6640625 0.01328125 0.021875
0 0.29296875 0.32578125 0.01953125 0.01875
0 0.57734375 0.921875 0.01953125 0.021875
0 0.56328125 0.665625 0.0265625 0.02890625
0 0.84765625 0.15859375 0.0234375 0.0328125
0 0.453125 0.65078125 0.0140625 0.0171875
0 0.08125 0.653125 0.06171875 0.08359375
0 0.14921875 0.27265625 0.03125 0.040625
0 0.690625 0.15390625 0.01328125 0.01484375
0 0.91875 0.7734375 0.01796875 0.03125
0 0.35703125 0.134375 0.0125 0.0125
0 0.23125 0.40625 0.065625 0.08125
0 0.70859375 0.3359375 0.02578125 0.03203125
0 0.18828125 0.1 0.0109375 0.01484375
0 0.296875 0.146875 0.01484375 0.01484375
0 0.240625 0.171875 0.009375 0.0125
0 0.60234375 0.60703125 0.0109375 0.015625
0 0.78125 0.634375 0.01171875 0.0125
0 0.8625 0.72578125 0.01171875 0.0140625
0 0.14921875 0.73828125 0.0125 0.01640625
0 0.20078125 0.8625 0.0203125 0.02265625
0 0.709375 0.47890625 0.01015625 0.0140625
0 0.86640625 0.82265625 0.0109375 0.01328125
0 0.73359375 0.16328125 0.0125 0.0125
0 0.39453125 0.784375 0.0140625 0.01953125
0 0.84921875 0.6296875 0.01484375 0.01796875
0 0.22890625 0.3859375 0.01171875 0.01328125
0 0.27109375 0.12421875 0.01015625 0.0109375
0 0.46796875 0.2421875 0.0171875 0.01796875
0 0.25703125 0.2984375 0.009375 0.0140625
0 0.31875 0.8453125 0.01796875 0.021875
0 0.409375 0.37734375 0.009375 0.01328125
0 0.53828125 0.14140625 0.0125 0.01953125
0 0.515625 0.15390625 0.0125 0.01640625
0 0.0484375 0.66171875 0.02421875 0.021875
0 0.07109375 0.303125 0.02890625 0.03359375
0 0.5578125 0.2953125 0.1015625 0.15546875
0 0.83515625 0.01875 0.01328125 0.0203125
0 0.31953125 0.41171875 0.0125 0.01171875
0 0.88515625 0.24765625 0.00859375 0.0109375
0 0.27109375 0.0703125 0.0109375 0.0140625
0 0.371875 0.33046875 0.01015625 0.01171875
0 0.3234375 0.85703125 0.021875 0.0234375
0 0.634375 0.1203125 0.01328125 0.01328125
0 0.0859375 0.6359375 0.00859375 0.01171875
0 0.803125 0.55234375 0.01015625 0.01171875
0 0.7265625 0.89765625 0.0109375 0.015625
0 0.01015625 0.86484375 0.01875 0.01953125
0 0.196875 0.35078125 0.009375 0.01171875
0 0.3890625 0.065625 0.01015625 0.0140625
0 0.3671875 0.9671875 0.0234375 0.03046875
0 0.67734375 0.36015625 0.0109375 0.01640625
0 0.3296875 0.7625 0.0109375 0.015625
0 0.7140625 0.04765625 0.009375 0.0125
0 0.475 0.92109375 0.01171875 0.015625
0 0.83984375 0.921875 0.01015625 0.0125
0 0.84375 0.02109375 0.03671875 0.03828125
0 0.5359375 0.75234375 0.0140625 0.01328125
0 0.85 0.9453125 0.07109375 0.0828125
0 0.54609375 0.8984375 0.00859375 0.01328125
0 0.44453125 0.9890625 0.03203125 0.0203125
0 0.89140625 0.73984375 0.01171875 0.01484375
0 0.478125 0.04375 0.01015625 0.0140625
0 0.50625 0.6859375 0.0125 0.01328125
0 0.47734375 0.9703125 0.00859375 0.0125
0 0.06796875 0.171875 0.00859375 0.015625
0 0.7328125 0.9453125 0.00859375 0.0125
0 0.8296875 0.925 0.01015625 0.0140625
0 0.94609375 0.94140625 0.00859375 0.0140625
0 0.98359375 0.2015625 0.028125 0.03984375
0 0.47109375 0.6953125 0.0078125 0.01171875
0 0.9375 0.0671875 0.0890625 0.096875
0 0.33359375 0.60546875 0.0328125 0.02578125
0 0.08515625 0.99453125 0.0140625 0.0109375
0 0.94375 0.88671875 0.00703125 0.01484375
0 0.9171875 0.203125 0.00703125 0.0171875
0 0.1234375 0.24609375 0.0109375 0.0140625
0 0.971875 0.36640625 0.0078125 0.0109375
0 0.2953125 0.73125 0.04140625 0.04375
0 0.73359375 0.559375 0.0359375 0.03203125
0 0.8953125 0.39375 0.00625 0.01171875
0 0.68203125 0.3375 0.009375 0.0140625
0 0.96640625 0.059375 0.01171875 0.0140625
0 0.5171875 0.87578125 0.01328125 0.021875
0 0.41171875 0.35703125 0.0421875 0.05078125
0 0.65546875 0.22578125 0.00703125 0.01171875