0 0.38125 0.471875 0.05078125 0.06328125
0 0.628125 0.35625 0.03359375 0.0453125
0 0.10703125 0.5421875 0.03125 0.03203125
0 0.41171875 0.40703125 0.059375 0.06796875
0 0.2265625 0.52890625 0.03515625 0.04609375
0 0.31640625 0.57421875 0.04296875 0.0671875
0 0.8953125 0.0234375 0.03828125 0.03125
0 0.634375 0.0359375 0.0328125 0.046875
0 0.23203125 0.47578125 0.04296875 0.0375
0 0.43671875 0.54921875 0.11875 0.15546875
0 0.13203125 0.61953125 0.03828125 0.04140625
0 0.94375 0.5625 0.0390625 0.04140625
0 0.9375 0.15703125 0.04140625 0.04921875
0 0.83828125 0.21796875 0.0171875 0.01875
0 0.49453125 0.29609375 0.028125 0.0421875
0 0.3546875 0.5203125 0.0359375 0.0421875
0 0.3203125 0.51328125 0.05 0.06328125
0 0.9546875 0.290625 0.04453125 0.05
0 0.3265625 0.67421875 0.11875 0.14765625
0 0.17578125 0.334375 0.01875 0.01953125
0 0.50859375 0.40859375 0.04375 0.0453125
0 0.978125 0.38984375 0.03203125 0.03984375
0 0.92421875 0.48125 0.0234375 0.028125
0 0.80390625 0.3171875 0.025 0.0328125
0 0.16171875 0.76796875 0.03125 0.03125
0 0.76796875 0.1328125 0.05234375 0.0484375
0 0.19140625 0.69609375 0.0796875 0.1125
0 0.98125 0.59296875 0.0375 0.05234375
0 0.1890625 0.42109375 0.0265625 0.0265625
0 0.98828125 0.4953125 0.02265625 0.05859375
0 0.45 0.36171875 0.04375 0.05703125
0 0.525 0.2203125 0.01796875 0.02421875
0 0.221875 0.48125 0.0203125 0.0203125
0 0.50625 0.23671875 0.04296875 0.046875
0 0.08828125 0.6984375 0.028125 0.028125
0 0.0859375 0.44765625 0.028125 0.03671875
0 0.45 0.2578125 0.03046875 0.02421875
0 0.38984375 0.38515625 0.04375 0.04453125
0 0.64765625 0.2375 0.0546875 0.08359375
0 0.63984375 0.2109375 0.0234375 0.02578125
0 0.09453125 0.65859375 0.0421875 0.05078125
0 0.984375 0.66796875 0.03125 0.0421875
0 0.834375 0.51875 0.03203125 0.03515625
0 0.05078125 0.8 0.03984375 0.05859375
0 0.1078125 0.821875 0.03984375 0.0609375
0 0.44140625 0.3828125 0.01953125 0.021875
0 0.890625 0.05859375 0.0828125 0.096875
0 0.94609375 0.00859375 0.02421875 0.015625
0 0.15390625 0.8375 0.046875 0.0578125
0 0.31484375 0.55390625 0.01796875 0.02109375
0 0.8859375 0.3265625 0.0125 0.01875
0 0.44453125 0.3515625 0.02109375 0.01640625
0 0.73046875 0.0078125 0.02734375 0.01484375
0 0.025 0.65078125 0.0421875 0.053125
0 0.05625 0.96484375 0.05234375 0.06171875
0 0.96953125 0.63046875 0.01875 0.0171875
0 0.0140625 0.12265625 0.02734375 0.06015625
0 0.86875 0.371875 0.01328125 0.01953125
0 0.11328125 0.9453125 0.04921875 0.0671875
0 0.575 0.94140625 0.03203125 0.04296875
0 0.65078125 0.92890625 0.04296875 0.04609375
0 0.4859375 0.71328125 0.0375 0.04921875
0 0.48359375 0.70390625 0.01640625 0.01640625
0 0.4640625 0.96875 0.05703125 0.0546875
0 0.8828125 0.35078125 0.04453125 0.06640625
0 0.79921875 0.06640625 0.04140625 0.04296875
0 0.60703125 0.86328125 0.02265625 0.01953125
0 0.74609375 0.97890625 0.04296875 0.0390625
0 0.4359375 0.940625 0.065625 0.07578125
0 0.5953125 0.9796875 0.02578125 0.03046875
0 0.471875 0.7125 0.01484375 0.0140625
0 0.63359375 0.94765625 0.021875 0.01953125
0 0.865625 0.7328125 0.21796875 0.23984375
0 0.42421875 0.9875 0.02421875 0.02265625