0 0.3234375 0.35625 0.0171875 0.0171875
0 0.1828125 0.6390625 0.04140625 0.05
0 0.875 0.49375 0.06015625 0.07421875
0 0.3078125 0.58046875 0.0125 0.01484375
0 0.2625 0.55234375 0.01640625 0.01796875
0 0.1796875 0.31328125 0.01484375 0.021875
0 0.04921875 0.1109375 0.0265625 0.0375
0 0.2546875 0.5578125 0.0203125 0.01875
0 0.03203125 0.18671875 0.02890625 0.03828125
0 0.340625 0.6359375 0.01953125 0.0203125
0 0.20390625 0.71328125 0.01875 0.0203125
0 0.2734375 0.76875 0.0359375 0.0359375
0 0.08671875 0.215625 0.01484375 0.01640625
0 0.96484375 0.52578125 0.03203125 0.03515625
0 0.3609375 0.56484375 0.01640625 0.01796875
0 0.0984375 0.32109375 0.01484375 0.01640625
0 0.134375 0.76328125 0.0203125 0.02109375
0 0.83828125 0.546875 0.01484375 0.02265625
0 0.11953125 0.390625 0.0171875 0.01796875
0 0.35859375 0.515625 0.04296875 0.05859375
0 0.13203125 0.6421875 0.02890625 0.03125
0 0.57265625 0.1921875 0.0234375 0.015625
0 0.11328125 0.3234375 0.01328125 0.015625
0 0.90078125 0.52421875 0.046875 0.05625
0 0.3640625 0.51015625 0.01171875 0.01328125
0 0.2828125 0.13984375 0.03203125 0.02734375
0 0.109375 0.8984375 0.01796875 0.02109375
0 0.58125 0.45234375 0.0625 0.06171875
0 0.9203125 0.19921875 0.02421875 0.02421875
0 0.2734375 0.82734375 0.01875 0.02265625
0 0.1203125 0.4125 0.0171875 0.01875
0 0.82890625 0.66328125 0.04609375 0.05234375
0 0.17578125 0.525 0.0125 0.0125
0 0.23984375 0.39921875 0.03203125 0.0328125
0 0.5078125 0.3828125 0.028125 0.02890625
0 0.17265625 0.62265625 0.01171875 0.0125
0 0.48203125 0.46171875 0.0109375 0.015625
0 0.02734375 0.17421875 0.01171875 0.0140625
0 0.26328125 0.8515625 0.028125 0.0359375
0 0.4484375 0.7484375 0.02265625 0.01953125
0 0.275 0.84296875 0.0171875 0.0203125
0 0.27734375 0.75234375 0.03203125 0.03046875
0 0.2828125 0.7015625 0.02734375 0.028125
0 0.0734375 0.29453125 0.00859375 0.01484375
0 0.21484375 0.815625 0.03359375 0.0359375
0 0.275 0.75 0.0109375 0.0109375
0 0.3640625 0.6609375 0.01640625 0.015625
0 0.2 0.72890625 0.0375 0.04765625
0 0.04765625 0.0984375 0.00859375 0.01171875
0 0.94765625 0.12421875 0.0171875 0.0203125
0 0.05859375 0.5109375 0.028125 0.028125
0 0.88125 0.1359375 0.015625 0.0171875
0 0.27578125 0.13125 0.01171875 0.01328125
0 0.06015625 0.53359375 0.009375 0.01328125
0 0.37421875 0.8875 0.0265625 0.03046875
0 0.67265625 0.7640625 0.01015625 0.0125
0 0.4296875 0.4953125 0.00859375 0.015625
0 0.34296875 0.509375 0.0109375 0.0109375
0 0.9765625 0.45390625 0.0390625 0.0390625
0 0.18359375 0.8765625 0.01796875 0.01484375
0 0.1171875 0.92109375 0.0109375 0.015625
0 0.01328125 0.19453125 0.01484375 0.0171875
0 0.11015625 0.9359375 0.0125 0.0140625
0 0.5296875 0.41015625 0.03203125 0.03203125
0 0.69140625 0.7640625 0.02578125 0.0359375
0 0.27109375 0.56484375 0.009375 0.0109375
0 0.1265625 0.89765625 0.0109375 0.01328125
0 0.290625 0.92734375 0.0234375 0.02265625
0 0.3578125 0.49765625 0.00859375 0.015625
0 0.125 0.92109375 0.05390625 0.07890625
0 0.0328125 0.459375 0.01171875 0.0109375
0 0.24296875 0.25234375 0.00859375 0.00859375
0 0.30625 0.3578125 0.01796875 0.0171875
0 0.203125 0.0828125 0.015625 0.00859375
0 0.715625 0.01953125 0.01484375 0.01953125
0 0.44375 0.3875 0.025 0.02734375
0 0.85703125 0.03125 0.01015625 0.0125
0 0.07421875 0.90546875 0.0078125 0.01328125
0 0.0296875 0.0234375 0.00859375 0.01015625
0 0.1703125 0.41484375 0.00703125 0.0125
0 0.67890625 0.9625 0.0640625 0.06796875
0 0.9734375 0.4859375 0.053125 0.04921875
0 0.6625 0.94765625 0.01328125 0.02265625
0 0.11015625 0.40234375 0.01875 0.009375
0 0.43046875 0.16640625 0.0375 0.03828125
0 0.38828125 0.1734375 0.009375 0.0234375
0 0.11328125 0.290625 0.0125 0.015625
0 0.2609375 0.99453125 0.0109375 0.009375
0 0.96640625 0.934375 0.02578125 0.02421875
0 0.97578125 0.85078125 0.0203125 0.040625
0 0.3046875 0.9890625 0.025 0.021875
0 0.896875 0.99453125 0.01875 0.0109375
0 0.1375 0.9046875 0.0359375 0.03203125
0 0.9734375 0.96015625 0.01953125 0.02265625
0 0.9875 0.915625 0.02265625 0.028125
0 0.35390625 0.25234375 0.0265625 0.034375
0 0.44921875 0.89609375 0.02265625 0.025
0 0.134375 0.44375 0.02109375 0.028125
0 0.20234375 0.0203125 0.01484375 0.01796875
0 0.91875 0.2109375 0.02109375 0.021875
0 0.82734375 0.99140625 0.0203125 0.0171875
0 0.5015625 0.97109375 0.0203125 0.0203125