0 0.36640625 0.52890625 0.040625 0.03984375
0 0.7015625 0.69609375 0.0375 0.04609375
0 0.8359375 0.31171875 0.04140625 0.04296875
0 0.89375 0.30234375 0.04921875 0.05234375
0 0.89921875 0.34375 0.05078125 0.04140625
0 0.85234375 0.36015625 0.04765625 0.05
0 0.87421875 0.6484375 0.0515625 0.0671875
0 0.2515625 0.590625 0.046875 0.06484375
0 0.30390625 0.56796875 0.0359375 0.04609375
0 0.390625 0.32578125 0.0375 0.04140625
0 0.01875 0.25625 0.0375 0.05
0 0.14453125 0.03203125 0.03203125 0.0390625
0 0.63984375 0.42578125 0.04453125 0.03671875