0 0.209375 0.62734375 0.03125 0.05
0 0.5625 0.52578125 0.025 0.025
0 0.509375 0.76796875 0.0203125 0.01953125
0 0.30625 0.7328125 0.03671875 0.0375
0 0.27890625 0.765625 0.0703125 0.07109375
0 0.371875 0.28203125 0.01328125 0.0171875
0 0.478125 0.18125 0.0265625 0.03203125
0 0.37421875 0.33828125 0.01796875 0.02734375
0 0.13984375 0.48359375 0.0375 0.03828125
0 0.3953125 0.6609375 0.01875 0.0234375
0 0.1625 0.8390625 0.025 0.0453125
0 0.34296875 0.8734375 0.02734375 0.03515625
0 0.41796875 0.28203125 0.02109375 0.02421875
0 0.38984375 0.1359375 0.01015625 0.01328125
0 0.825 0.24453125 0.0328125 0.03671875
0 0.0890625 0.76015625 0.03828125 0.04140625
0 0.25390625 0.90703125 0.04296875 0.05078125
0 0.9625 0.4875 0.0421875 0.03125
0 0.8296875 0.0140625 0.0296875 0.0265625
0 0.384375 0.7375 0.04609375 0.05625
0 0.6921875 0.634375 0.02890625 0.025
0 0.6921875 0.52734375 0.0140625 0.02421875
0 0.475 0.93671875 0.0234375 0.02890625
0 0.6078125 0.47265625 0.03515625 0.03984375
0 0.96015625 0.57109375 0.03828125 0.04296875
0 0.72109375 0.46328125 0.04765625 0.059375
0 0.4375 0.28203125 0.08828125 0.0921875
0 0.66875 0.71328125 0.0203125 0.0203125
0 0.659375 0.61953125 0.01640625 0.015625
0 0.75078125 0.1703125 0.06171875 0.103125
0 0.69453125 0.66484375 0.06875 0.0921875
0 0.271875 0.115625 0.01953125 0.02890625
0 0.51015625 0.58046875 0.11484375 0.128125
0 0.37109375 0.4265625 0.0140625 0.01796875
0 0.02578125 0.68828125 0.04296875 0.07421875
0 0.03828125 0.515625 0.02734375 0.03046875
0 0.3765625 0.92890625 0.03046875 0.0359375
0 0.71640625 0.225 0.0140625 0.0171875
0 0.7375 0.42890625 0.04375 0.05546875
0 0.38828125 0.83203125 0.01875 0.02265625
0 0.5875 0.05390625 0.01015625 0.01953125
0 0.0359375 0.3125 0.0234375 0.0234375
0 0.08203125 0.36171875 0.02734375 0.0234375
0 0.43359375 0.25703125 0.0140625 0.025
0 0.75625 0.77578125 0.03359375 0.03671875
0 0.90859375 0.3953125 0.0515625 0.0578125
0 0.81875 0.21796875 0.0328125 0.05
0 0.69375 0.75234375 0.0375 0.0359375
0 0.8453125 0.23984375 0.075 0.08515625
0 0.4546875 0.20625 0.01640625 0.021875
0 0.88046875 0.32265625 0.04296875 0.05234375
0 0.82109375 0.3859375 0.04609375 0.04609375
0 0.16171875 0.7765625 0.02890625 0.040625
0 0.78984375 0.42421875 0.0375 0.040625
0 0.05 0.565625 0.01875 0.01796875
0 0.878125 0.2921875 0.0453125 0.06171875
0 0.05703125 0.34765625 0.01875 0.01875
0 0.96015625 0.6890625 0.01484375 0.01484375
0 0.834375 0.2984375 0.04140625 0.04375
0 0.55546875 0.2125 0.05390625 0.0671875
0 0.92890625 0.43046875 0.04296875 0.0453125
0 0.73359375 0.95703125 0.01796875 0.0265625
0 0.70625 0.865625 0.0140625 0.015625
0 0.7546875 0.1375 0.0109375 0.0109375
0 0.72265625 0.26953125 0.03125 0.04140625
0 0.4890625 0.0828125 0.00859375 0.01015625
0 0.196875 0.93828125 0.0203125 0.01953125
0 0.2671875 0.121875 0.00859375 0.01171875
0 0.01484375 0.44453125 0.02890625 0.0234375
0 0.91484375 0.3625 0.025 0.02578125
0 0.459375 0.41171875 0.025 0.02890625
0 0.0484375 0.9734375 0.03828125 0.0421875
0 0.45390625 0.084375 0.00703125 0.01171875
0 0.8375 0.43203125 0.0359375 0.0453125
0 0.3390625 0.63125 0.0265625 0.0359375
0 0.10078125 0.66171875 0.0296875 0.03515625
0 0.01015625 0.6359375 0.0203125 0.03515625
0 0.7484375 0.0765625 0.009375 0.009375
0 0.878125 0.465625 0.0390625 0.04296875
0 0.746875 0.2734375 0.0390625 0.03359375
0 0.66328125 0.4515625 0.0125 0.0140625
0 0.8171875 0.1921875 0.009375 0.01640625
0 0.69140625 0.31328125 0.03515625 0.040625
0 0.3796875 0.740625 0.0203125 0.02265625
0 0.3890625 0.47578125 0.13671875 0.1609375
0 0.01015625 0.6703125 0.01953125 0.0203125
0 0.8203125 0.00703125 0.01328125 0.0125
0 0.43359375 0.87421875 0.01171875 0.01484375
0 0.63359375 0.01484375 0.01328125 0.01171875
0 0.79609375 0.55703125 0.034375 0.03828125
0 0.3703125 0.92421875 0.01328125 0.01484375
0 0.80625 0.440625 0.04375 0.05390625
0 0.015625 0.58671875 0.02421875 0.01484375
0 0.6796875 0.32890625 0.0125 0.01171875
0 0.9640625 0.50703125 0.01875 0.01875
0 0.11328125 0.31484375 0.02578125 0.03515625
0 0.26171875 0.49453125 0.00703125 0.009375
0 0.0375 0.86796875 0.03828125 0.05390625
0 0.32265625 0.11484375 0.03046875 0.03203125
0 0.9453125 0.509375 0.01015625 0.015625
0 0.1 0.39921875 0.0140625 0.015625
0 0.27421875 0.975 0.01171875 0.02734375
0 0.11015625 0.396875 0.0359375 0.0359375
0 0.50078125 0.18359375 0.01015625 0.0125